/* code automatically generated by bin2c -- DO NOT EDIT */
{
/* #include'ing this file in a C program is equivalent to calling
  lua_dofile(L,"class.lua");
  lua_dofile(L,"extDir.lua");
  lua_dofile(L,"compile.lua");
  lua_dofile(L,"set.lua");
  lua_dofile(L,"lua_expect.lua");
  lua_dofile(L,"enhanced_environment.lua");
  lua_dofile(L,"enhanced_string.lua");
  lua_dofile(L,"table_support.lua");
  lua_dofile(L,"csv.lua");
  lua_dofile(L,"shellSupport/command_shell.lua");
*/
/* class.lua */
static const unsigned char B1[]={
 45, 45, 91, 91, 10, 32, 32, 32, 32, 32,102,105,108,101, 32, 99,108, 97,115,115,
 46,108,117, 97, 10, 32, 32, 32, 32, 32, 71,108,101,110,110, 32, 69,100,103, 97,
114, 10, 32, 32, 32, 32, 32, 84,104,105,115, 32,102,105,108,101, 32,105,115, 32,
117,115,101,100, 32,116,111, 32, 99,114,101, 97,116,101, 32,108,117, 97, 32, 99,
108, 97,115,115,101,115, 46, 10, 32, 32, 32, 32, 32, 67,111,100,101, 32,105,115,
 32,116, 97,107,101,110, 32,102,114,111,109, 10, 32, 32, 32, 32, 32,104,116,116,
112, 58, 47, 47,108,117, 97, 45,117,115,101,114,115, 46,111,114,103, 47,119,105,
107,105, 47, 76,117, 97, 67,108, 97,115,115,101,115, 87,105,116,104, 77,101,116,
 97,116, 97, 98,108,101, 10, 45, 45, 93, 93, 10, 10, 10, 10, 10,102,117,110, 99,
116,105,111,110, 32, 67,108, 97,115,115, 40,109,101,109, 98,101,114,115, 41, 10,
 32, 32,109,101,109, 98,101,114,115, 32, 61, 32,109,101,109, 98,101,114,115, 32,
111,114, 32,123,125, 10, 32, 32,108,111, 99, 97,108, 32,109,116, 32, 61, 32,123,
 10, 32, 32, 32, 32, 95, 95,109,101,116, 97,116, 97, 98,108,101, 32, 61, 32,109,
101,109, 98,101,114,115, 59, 10, 32, 32, 32, 32, 95, 95,105,110,100,101,120, 32,
 32, 32, 32, 32, 61, 32,109,101,109, 98,101,114,115, 59, 10, 32, 32,125, 10, 32,
 32,108,111, 99, 97,108, 32,102,117,110, 99,116,105,111,110, 32,110,101,119, 40,
 95, 44, 32,105,110,105,116, 41, 10, 32, 32, 32, 32,114,101,116,117,114,110, 32,
115,101,116,109,101,116, 97,116, 97, 98,108,101, 40,105,110,105,116, 32,111,114,
 32,123,125, 44, 32,109,116, 41, 10, 32, 32,101,110,100, 10, 32, 32,108,111, 99,
 97,108, 32,102,117,110, 99,116,105,111,110, 32, 99,111,112,121, 40,111, 98,106,
 44, 32, 46, 46, 46, 41, 10, 32, 32, 32, 32,108,111, 99, 97,108, 32,110,101,119,
111, 98,106, 32, 61, 32,111, 98,106, 58,110,101,119, 40,117,110,112, 97, 99,107,
 40, 97,114,103, 41, 41, 10, 32, 32, 32, 32,102,111,114, 32,110, 44,118, 32,105,
110, 32,112, 97,105,114,115, 40,111, 98,106, 41, 32,100,111, 32,110,101,119,111,
 98,106, 91,110, 93, 32, 61, 32,118, 32,101,110,100, 10, 32, 32, 32, 32,114,101,
116,117,114,110, 32,110,101,119,111, 98,106, 10, 32, 32,101,110,100, 10, 32, 32,
109,101,109, 98,101,114,115, 46,110,101,119, 32, 32, 61, 32,109,101,109, 98,101,
114,115, 46,110,101,119, 32, 32,111,114, 32,110,101,119, 10, 32, 32,109,101,109,
 98,101,114,115, 46, 99,111,112,121, 32, 61, 32,109,101,109, 98,101,114,115, 46,
 99,111,112,121, 32,111,114, 32, 99,111,112,121, 10, 32, 32,114,101,116,117,114,
110, 32,109,116, 10,101,110,100, 10, 10, 45, 45, 91, 91, 10, 86,101, 99,116,111,
114, 32, 61, 32,123,125, 10, 10,108,111, 99, 97,108, 32, 86,101, 99,116,111,114,
 95,109,116, 32, 61, 32, 67,108, 97,115,115, 40, 86,101, 99,116,111,114, 41, 10,
 10,102,117,110, 99,116,105,111,110, 32, 86,101, 99,116,111,114, 58,110,101,119,
 40,120, 44,121, 41, 10, 32, 32,114,101,116,117,114,110, 32,115,101,116,109,101,
116, 97,116, 97, 98,108,101, 40, 32,123,120, 61,120, 44, 32,121, 61,121,125, 44,
 32, 86,101, 99,116,111,114, 95,109,116, 41, 10,101,110,100, 10, 10,102,117,110,
 99,116,105,111,110, 32, 86,101, 99,116,111,114, 58,109, 97,103, 40, 41, 10, 32,
 32,114,101,116,117,114,110, 32,109, 97,116,104, 46,115,113,114,116, 40,115,101,
108,102, 58,100,111,116, 40,115,101,108,102, 41, 41, 10,101,110,100, 10, 10,102,
117,110, 99,116,105,111,110, 32, 86,101, 99,116,111,114, 58,100,111,116, 40,118,
 41, 10, 32, 32,114,101,116,117,114,110, 32,115,101,108,102, 46,120, 32, 42, 32,
118, 46,120, 32, 43, 32,115,101,108,102, 46,121, 32, 42, 32,118, 46,121, 10,101,
110,100, 10, 10, 10,118, 49, 32, 61, 32, 86,101, 99,116,111,114, 58,110,101,119,
 40, 51, 44, 52, 41, 10,116, 97, 98,108,101, 46,102,111,114,101, 97, 99,104, 40,
118, 49, 44,112,114,105,110,116, 41, 10,112,114,105,110,116, 40, 32,118, 49, 58,
109, 97,103, 40, 41, 32, 41, 10,118, 50, 32, 61, 32, 86,101, 99,116,111,114, 58,
110,101,119, 40, 50, 44, 49, 41, 10,112,114,105,110,116, 40, 32,118, 50, 58,100,
111,116, 40,118, 49, 41, 32, 41, 10, 10,116, 97, 98,108,101, 46,102,111,114,101,
 97, 99,104, 40, 86,101, 99,116,111,114, 44,112,114,105,110,116, 41, 10, 10,118,
 51, 32, 61, 32,118, 49, 58, 99,111,112,121, 40, 41, 10,112,114,105,110,116, 40,
 32,118, 49, 44, 32,118, 50, 44, 32,118, 51, 32, 41, 10, 10,116, 97, 98,108,101,
 46,102,111,114,101, 97, 99,104, 40,118, 49, 44,112,114,105,110,116, 41, 32, 10,
116, 97, 98,108,101, 46,102,111,114,101, 97, 99,104, 40,118, 51, 44,112,114,105,
110,116, 41, 10, 45, 45, 93, 93, 10,
};

 lua_dobuffer(L,(const char*)B1,sizeof(B1),"class.lua");
/* extDir.lua */
static const unsigned char B2[]={
102,117,110, 99,116,105,111,110, 32,100,117,109,112, 69,120,116,101,110,115,105,
111,110,115, 40, 41, 10, 32, 32,108,111, 99, 97,108, 32,116,101,109,112, 10, 32,
 32,108,111, 99, 97,108, 32,107, 10, 32, 32,116,101,109,112, 32, 61, 32,123,125,
 10, 32, 32,112,114,105,110,116, 40, 34, 34, 41, 10, 32, 32,102,111,114, 32,105,
 44,107, 32,105,110, 32,112, 97,105,114,115, 40, 95, 71, 41, 32,100,111, 10, 32,
 32, 32,105,102, 32, 40,116,121,112,101, 40,107, 41, 32, 61, 61, 32, 34,116, 97,
 98,108,101, 34, 41, 32, 97,110,100, 32, 40,107, 46,104,101,108,112, 32,126, 61,
 32,110,105,108, 32, 41, 32, 97,110,100, 32, 40,116,121,112,101, 40,107, 46,104,
101,108,112, 41, 32, 61, 61, 32, 34,102,117,110, 99,116,105,111,110, 34, 41, 32,
116,104,101,110, 10, 32, 32, 32, 32,116,101,109,112, 91,105, 93, 61,107, 10, 32,
 32, 32,101,110,100, 10, 32, 32,101,110,100, 10, 32, 32,116,101,109,112, 32, 61,
 32,116,115, 46,115,111,114,116, 40,116,101,109,112, 41, 10, 32, 32,102,111,114,
 32,105, 44,106, 32,105,110, 32,105,112, 97,105,114,115, 40,116,101,109,112, 41,
 32,100,111, 32, 10, 32, 32, 32, 32,107, 32, 61, 32, 95, 71, 91,106, 93, 10, 32,
 32, 32, 32,105,102, 32, 40,107, 46,100,101,115, 99,114,105,112,116,105,111,110,
 32,126, 61, 32,110,105,108, 41, 32, 97,110,100, 32, 40,116,121,112,101, 40,107,
 46,100,101,115, 99,114,105,112,116,105,111,110, 41, 32, 61, 61, 32, 34,102,117,
110, 99,116,105,111,110, 34, 32, 41, 32,116,104,101,110, 10, 32, 32, 32, 32, 32,
 32,112,114,105,110,116, 40,106, 44, 34, 34, 44,107, 46,100,101,115, 99,114,105,
112,116,105,111,110, 40, 41, 41, 10, 32, 32, 32, 32,101,108,115,101, 10, 32, 32,
 32, 32, 32, 32,112,114,105,110,116, 40,106, 41, 10, 32, 32, 32, 32,101,110,100,
 10, 32, 32,101,110,100, 10, 32, 32,112,114,105,110,116, 40, 34, 92,110, 65, 99,
 99,101,115,115, 32,116,104,101, 32, 46,104,101,108,112, 40, 41, 32,109,101,116,
104,111,100, 32,102,111,114, 32,102,117,114,116,104,101,114, 32,100,101,116, 97,
105,108,115, 92,110, 34, 41, 10,101,110,100, 32, 10, 10, 10,
};

 lua_dobuffer(L,(const char*)B2,sizeof(B2),"extDir.lua");
/* compile.lua */
static const unsigned char B3[]={
 45, 45, 91, 91, 10, 32, 32, 32, 32, 32,102,105,108,101, 32, 99,111,109,112,105,
108,101, 46,108,117, 97, 10, 32, 32, 32, 32, 32, 84,104,105,115, 32, 99,111,100,
101, 32,105,115, 32, 97, 32,115,108,105,103,104,116, 32,114,101,112, 97, 99,107,
 97,103,101, 32,111,102, 32,108,117, 97, 46,108,117, 97, 32,105,110, 32,116,104,
101, 32, 10, 32, 32, 32, 32, 32,108,117, 97, 32,100,105,115,116,114,105, 98,117,
116,105,111,110, 10, 45, 45, 93, 93, 10, 10, 10,102,117,110, 99,116,105,111,110,
 32, 99,111,109,112,105,108,101, 40, 32,105,110,102,105,108,101, 44, 32,111,117,
116,102,105,108,101, 32, 41, 10, 32, 32,102, 32, 61, 32, 97,115,115,101,114,116,
 40,105,111, 46,111,112,101,110, 40,111,117,116,102,105,108,101, 44, 34,119, 98,
 34, 41, 41, 10, 32, 32,102, 58,119,114,105,116,101, 40, 32,115,116,114,105,110,
103, 46,100,117,109,112, 40, 32, 97,115,115,101,114,116, 40,108,111, 97,100,102,
105,108,101, 40,105,110,102,105,108,101, 41, 41, 41, 41, 10, 32, 32,105,111, 46,
 99,108,111,115,101, 40,102, 41, 10,101,110,100, 10, 10, 10,
};

 lua_dobuffer(L,(const char*)B3,sizeof(B3),"compile.lua");
/* set.lua */
static const unsigned char B4[]={
 45, 45, 45, 10, 45, 45, 45, 10, 45, 45, 45, 32, 70,105,108,101, 58, 32,115,101,
116, 46,108,117, 97, 10, 45, 45, 45, 10, 45, 45, 45, 10, 45, 45, 45, 10, 45, 45,
 45, 10, 10,115,101,116, 95,111,112,115, 32, 61, 32,123,125, 10, 10,102,117,110,
 99,116,105,111,110, 32,115,101,116, 95,111,112,115, 46,100,101,115, 99,114,105,
112,116,105,111,110, 40, 41, 10, 32, 32,114,101,116,117,114,110, 32, 34,115,101,
116, 32,111,112,101,114, 97,116,105,111,110,115, 34, 10,101,110,100, 10, 10,102,
117,110, 99,116,105,111,110, 32,115,101,116, 95,111,112,115, 46,104,101,108,112,
 40, 41, 10, 32,112,114,105,110,116, 40, 34,115,101,116, 32,111,112,101,114, 97,
116,105,111,110,115, 32, 34, 41, 10, 32,112,114,105,110,116, 40, 34, 46,110,101,
119, 40, 41, 32, 45, 45, 45, 32, 99,114,101, 97,116,101,115, 32,110,101,119, 32,
115,101,116, 34, 41, 10, 32,112,114,105,110,116, 40, 34, 46, 97,100,100, 40,115,
101,116, 44, 32,101,108,101,109,101,110,116, 41, 32, 45, 45, 32, 97,100,100, 32,
101,108,101,109,101,110,116, 34, 41, 10, 32,112,114,105,110,116, 40, 34, 46,114,
101,109,111,118,101, 40, 32,115,101,116, 44,101,108,101,109,101,110,116, 32, 41,
 32, 45, 45, 32,114,101,109,111,118,101, 32,101,108,101,109,101,110,116, 34, 41,
 10, 32,112,114,105,110,116, 40, 34, 46,117,110,105,111,110, 40,115,101,116, 49,
 44,115,101,116, 50, 41, 32, 45, 45, 32,117,110,105,111,110, 32,111,112,101,114,
 97,116,105,111,110, 34, 41, 10, 32,112,114,105,110,116, 40, 34, 46,105,110,116,
101,114,115,101, 99,116,105,111,110, 40,115,101,116, 49, 44,115,101,116, 50, 41,
 32, 45, 45, 32,105,110,116,101,114,115,101, 99,116,105,111,110, 32,111,112,101,
114, 97,116,105,111,110, 34, 41, 10, 32,112,114,105,110,116, 40, 34, 46,100,105,
102,102,101,114,101,110, 99,101, 40, 32,115,101,116, 49, 44,115,101,116, 50, 41,
 32, 45, 45, 32,100,105,102,102,101,114,101,110, 99,101, 32,111,112,101,114, 97,
116,105,111,110, 34, 41, 10, 32,112,114,105,110,116, 40, 34, 46,116,111,108,105,
115,116, 40, 32,115,101,116, 41, 32, 45, 45, 32, 99,111,110,118,101,114,116,115,
 32,115,101,116, 32,116,111, 32,115,111,114,116,101,100, 32,108,105,115,116, 34,
 41, 10,101,110,100, 10, 10,102,117,110, 99,116,105,111,110, 32,115,101,116, 95,
111,112,115, 46,110,101,119, 40, 41, 10, 32, 32,108,111, 99, 97,108, 32,114,101,
116,117,114,110, 86, 97,108,117,101, 10, 32, 32,114,101,116,117,114,110, 86, 97,
108,117,101, 32, 61, 32,123,125, 10, 32, 32,114,101,116,117,114,110, 32,114,101,
116,117,114,110, 86, 97,108,117,101, 10,101,110,100, 10, 10, 10,102,117,110, 99,
116,105,111,110, 32,115,101,116, 95,111,112,115, 46, 97,100,100, 40, 32,115,101,
116, 44, 32,101,108,101,109,101,110,116, 32, 41, 10, 32, 32,105,102, 32,116,121,
112,101, 40, 32,101,108,101,109,101,110,116, 41, 32,126, 61, 32, 34,116, 97, 98,
108,101, 34, 32,116,104,101,110, 10, 32, 32, 32, 32,115,101,116, 91, 32,101,108,
101,109,101,110,116, 32, 93, 32, 61, 32, 49, 32, 10, 32, 32,101,108,115,101, 10,
 32, 32, 32, 32,102,111,114, 32,105, 44,106, 32,105,110, 32,112, 97,105,114,115,
 40, 32,101,108,101,109,101,110,116, 41, 32,100,111, 10, 32, 32, 32, 32, 32, 32,
115,101,116, 91,106, 93, 32, 61, 32, 49, 10, 32, 32, 32, 32,101,110,100, 10, 32,
 32,101,110,100, 10,101,110,100, 10, 10,102,117,110, 99,116,105,111,110, 32,115,
101,116, 95,111,112,115, 46,114,101,109,111,118,101, 40, 32,115,101,116, 44,101,
108,101,109,101,110,116, 41, 10, 32, 32,105,102, 32,116,121,112,101, 40, 32,101,
108,101,109,101,110,116, 41, 32,126, 61, 32, 34,116, 97, 98,108,101, 34, 32,116,
104,101,110, 10, 32, 32, 32, 32,115,101,116, 91, 32,101,108,101,109,101,110,116,
 93, 32, 61, 32,110,105,108, 10, 32, 32,101,108,115,101, 10, 32, 32, 32, 32,102,
111,114, 32,105, 44,106, 32,105,110, 32,112, 97,105,114,115, 40, 32,101,108,101,
109,101,110,116, 32, 41, 32,100,111, 10, 32, 32, 32, 32, 32, 32,115,101,116, 91,
106, 93, 32, 61, 32,110,105,108, 10, 32, 32, 32, 32,101,110,100, 10, 32, 32,101,
110,100, 10,101,110,100, 10, 10,102,117,110, 99,116,105,111,110, 32,115,101,116,
 95,111,112,115, 46,117,110,105,111,110, 40, 32,115,101,116, 49, 44, 32,115,101,
116, 50, 32, 41, 10, 32, 32,108,111, 99, 97,108, 32,114,101,116,117,114,110, 86,
 97,108,117,101, 10, 10, 32, 32,114,101,116,117,114,110, 86, 97,108,117,101, 32,
 61, 32,123,125, 10, 10, 32, 32,102,111,114, 32,105, 44,107, 32,105,110, 32,112,
 97,105,114,115, 40, 32,115,101,116, 49, 32, 41, 32,100,111, 10, 32, 32, 32, 32,
114,101,116,117,114,110, 86, 97,108,117,101, 91,105, 93, 32, 61, 32, 49, 10, 32,
 32,101,110,100, 10, 32, 10, 32, 32,102,111,114, 32,105, 44,107, 32,105,110, 32,
112, 97,105,114,115, 40, 32,115,101,116, 50, 32, 41, 32,100,111, 10, 32, 32, 32,
 32,114,101,116,117,114,110, 86, 97,108,117,101, 91,105, 93, 32, 61, 32, 49, 10,
 32, 32,101,110,100, 10, 32, 32,114,101,116,117,114,110, 32,114,101,116,117,114,
110, 86, 97,108,117,101, 10,101,110,100, 10, 10,102,117,110, 99,116,105,111,110,
 32,115,101,116, 95,111,112,115, 46,105,110,116,101,114,115,101, 99,116,105,111,
110, 40, 32,115,101,116, 49, 44, 32,115,101,116, 50, 32, 41, 10, 32, 32,108,111,
 99, 97,108, 32,114,101,116,117,114,110, 86, 97,108,117,101, 10, 10, 32, 32,114,
101,116,117,114,110, 86, 97,108,117,101, 32, 61, 32,123,125, 10, 10, 32, 32, 32,
102,111,114, 32,105, 44,107, 32,105,110, 32,112, 97,105,114,115, 40, 32,115,101,
116, 49, 32, 41, 32,100,111, 10, 32, 32, 32, 32, 32,105,102, 32,115,101,116, 50,
 91,105, 93, 32,126, 61, 32,110,105,108, 32,116,104,101,110, 10, 32, 32, 32, 32,
 32, 32,114,101,116,117,114,110, 86, 97,108,117,101, 91,105, 93, 32, 61, 32, 49,
 10, 32, 32, 32, 32, 32,101,110,100, 10, 32, 32, 32,101,110,100, 10, 32, 32, 32,
114,101,116,117,114,110, 32,114,101,116,117,114,110, 86, 97,108,117,101, 10,101,
110,100, 10, 10,102,117,110, 99,116,105,111,110, 32,115,101,116, 95,111,112,115,
 46,100,105,102,102,101,114,101,110, 99,101, 40, 32,115,101,116, 49, 44, 32,115,
101,116, 50, 32, 41, 10, 32, 32,108,111, 99, 97,108, 32,114,101,116,117,114,110,
 86, 97,108,117,101, 10, 10, 32, 32,114,101,116,117,114,110, 86, 97,108,117,101,
 32, 61, 32,123,125, 10, 10, 32, 32, 32,102,111,114, 32,105, 44,107, 32,105,110,
 32,112, 97,105,114,115, 40, 32,115,101,116, 49, 32, 41, 32,100,111, 10, 32, 32,
 32, 32, 32,105,102, 32,115,101,116, 50, 91,105, 93, 32, 61, 61, 32,110,105,108,
 32,116,104,101,110, 10, 32, 32, 32, 32, 32, 32,114,101,116,117,114,110, 86, 97,
108,117,101, 91,105, 93, 32, 61, 32, 49, 10, 32, 32, 32, 32, 32,101,110,100, 10,
 32, 32, 32,101,110,100, 10, 32, 32, 32,114,101,116,117,114,110, 32,114,101,116,
117,114,110, 86, 97,108,117,101, 10,101,110,100, 10, 10,102,117,110, 99,116,105,
111,110, 32,115,101,116, 95,111,112,115, 46,116,111,108,105,115,116, 40, 32,115,
101,116, 41, 10, 32, 32,108,111, 99, 97,108, 32,114,101,116,117,114,110, 86, 97,
108,117,101, 10, 10, 32, 32,114,101,116,117,114,110, 86, 97,108,117,101, 32, 61,
 32,123,125, 10, 10, 32, 32,102,111,114, 32,105, 44,106, 32,105,110, 32,112, 97,
105,114,115, 40, 32,115,101,116, 32, 41, 32,100,111, 10, 32, 32, 32, 32,116, 97,
 98,108,101, 46,105,110,115,101,114,116, 40,114,101,116,117,114,110, 86, 97,108,
117,101, 44,116,111,115,116,114,105,110,103, 40,105, 41, 41, 10, 32, 32,101,110,
100, 10, 10, 32, 32,116, 97, 98,108,101, 46,115,111,114,116, 40, 32,114,101,116,
117,114,110, 86, 97,108,117,101, 41, 10, 32, 32,114,101,116,117,114,110, 32,114,
101,116,117,114,110, 86, 97,108,117,101, 10,101,110,100, 10,
};

 lua_dobuffer(L,(const char*)B4,sizeof(B4),"set.lua");
/* lua_expect.lua */
static const unsigned char B5[]={
 45, 45, 45, 10, 45, 45, 45, 32, 70,105,108,101, 58, 32,108,117, 97, 95,101,120,
112,101, 99,116, 46,108,117, 97, 10, 45, 45, 45, 32, 84,104,101, 32,112,117,114,
112,111,115,101, 32,111,102, 32,116,104,105,115, 32,102,105,108,101, 32,105,115,
 32,116,111, 32,105,109,112,108,101,109,101,110,116, 32, 98, 97,115,105, 99, 32,
 69,120,112,101, 99,116, 32,116,121,112,101, 32,102,117,110, 99,116,105,111,110,
115, 10, 45, 45, 45, 32, 78,101,101,100, 32,116,111, 32, 98,101,116,116,101,114,
 32,109, 97,116, 99,104, 32,116,104,101, 32,101,120,112,101, 99,116, 32,102,117,
110, 99,116,105,111,110,115, 10, 45, 45, 45, 10, 45, 45, 45, 10, 45, 45, 45, 10,
 45, 45, 45, 10, 10,108,117, 97, 95,101,120,112,101, 99,116, 32, 61, 32,123,125,
 10, 10,102,117,110, 99,116,105,111,110, 32,108,117, 97, 95,101,120,112,101, 99,
116, 46,104,101,108,112, 40, 41, 10, 10,101,110,100, 10, 10, 10,102,117,110, 99,
116,105,111,110, 32,108,117, 97, 95,101,120,112,101, 99,116, 46,100,101,115, 99,
114,105,112,116,105,111,110, 40, 41, 10, 32,114,101,116,117,114,110, 32, 34,112,
114,111,118,105,100,101,115, 32, 98, 97,115,105, 99, 32,101,120,112,101, 99,116,
 32,116,121,112,101, 32,102,117,110, 99,116,105,111,110,115, 34, 10,101,110,100,
 10, 10, 10,102,117,110, 99,116,105,111,110, 32,108,117, 97, 95,101,120,112,101,
 99,116, 46,109, 97,116, 99,104, 40, 32,114,101, 97,100, 70,117,110, 99,116,105,
111,110, 44, 32,119,114,105,116,101, 70,117,110, 99,116,105,111,110, 44, 32,109,
 97,116, 99,104, 76,105,115,116, 32, 41, 10, 32, 32,108,111, 99, 97,108, 32,114,
101,116,117,114,110, 86, 97,108,117,101, 44, 32,109, 97,116, 99,104, 83,116,114,
105,110,103, 44, 32,119,114,105,116,101, 83,116,114,105,110,103, 44, 32,116,101,
109,112, 44, 32,109, 97,116, 99,104, 82,101,115,117,108,116, 44, 32,100,117,109,
109,121, 10, 32, 32,114,101,116,117,114,110, 86, 97,108,117,101, 32, 61, 32,116,
114,117,101, 10, 10, 32, 32,102,111,114, 32,105, 44,106, 32,105,110, 32,105,112,
 97,105,114,115, 40, 32,109, 97,116, 99,104, 76,105,115,116, 32, 41, 32,100,111,
 10, 32, 32, 32, 32,109, 97,116, 99,104, 83,116,114,105,110,103, 32, 61, 32,106,
 91, 49, 93, 10, 32, 32, 32, 32,119,114,105,116,101, 83,116,114,105,110,103, 32,
 61, 32,106, 91, 50, 93, 10, 32, 32, 32, 32,116,101,109,112, 32, 61, 32,114,101,
 97,100, 70,117,110, 99,116,105,111,110, 40, 41, 10, 32, 32, 32, 32,105,102, 32,
109, 97,116, 99,104, 83,116,114,105,110,103, 32,126, 61, 32,110,105,108, 32,116,
104,101,110, 10, 32, 32, 32, 32, 32, 32, 32,109, 97,116, 99,104, 82,101,115,117,
108,116, 44, 32,100,117,109,109,121, 32, 61, 32,115,116,114,105,110,103, 46,102,
105,110,100, 40,116,101,109,112, 44,109, 97,116, 99,104, 83,116,114,105,110,103,
 41, 10, 32, 32, 32, 32, 32, 32, 32,105,102, 32,109, 97,116, 99,104, 82,101,115,
117,108,116, 32, 61, 61, 32,110,105,108, 32,116,104,101,110, 32,114,101,116,117,
114,110, 86, 97,108,117,101, 32, 61, 32,102, 97,108,115,101, 32,114,101,116,117,
114,110, 32,114,101,116,117,114,110, 86, 97,108,117,101, 32,101,110,100, 10, 32,
 32, 32, 32,101,110,100, 10, 32, 32, 32, 32,105,102, 32,119,114,105,116,101, 83,
116,114,105,110,103, 32,126, 61, 32,110,105,108, 32,116,104,101,110, 32,119,114,
105,116,101, 70,117,110, 99,116,105,111,110, 40, 32,119,114,105,116,101, 83,116,
114,105,110,103, 41, 32,101,110,100, 10, 32, 32,101,110,100, 10, 10, 32, 32,114,
101,116,117,114,110, 32,114,101,116,117,114,110, 86, 97,108,117,101, 10,101,110,
100, 10, 10, 10,102,117,110, 99,116,105,111,110, 32,108,117, 97, 95,101,120,112,
101, 99,116, 46,101,120,116,114, 97, 99,116, 40, 32,114,101, 97,100, 70,117,110,
 99,116,105,111,110, 44, 32,119,114,105,116,101, 70,117,110, 99,116,105,111,110,
 44,101,120,116,114, 97, 99,116, 76,105,115,116, 41, 10, 32, 32,108,111, 99, 97,
108, 32,114,101,116,117,114,110, 86, 97,108,117,101, 32, 61, 32,123,125, 10, 32,
 32,108,111, 99, 97,108, 32,112,114,111,109,112,116, 83,116,114,105,110,103, 10,
 32, 32,108,111, 99, 97,108, 32,100, 97,116, 97, 75,101,121, 10, 10, 32, 32,102,
111,114, 32,105, 44,106, 32,105,110, 32,105,112, 97,105,114,115, 40, 32,101,120,
116,114, 97, 99,116, 76,105,115,116, 32, 41, 32,100,111, 10, 32, 32, 32, 32,112,
114,111,109,112,116, 83,116,114,105,110,103, 32, 61, 32,106, 91, 49, 93, 10, 32,
 32, 32, 32,100, 97,116, 97, 75,101,121, 32, 32, 32, 32, 32, 32, 61, 32,106, 91,
 50, 93, 10, 32, 32, 32, 32,112,114,105,110,116, 40, 34,112,114,111,109,116, 83,
116,114,105,110,103, 34, 44,112,114,111,109,112,116, 83,116,114,105,110,103, 44,
100, 97,116, 97, 75,101,121, 41, 10, 32, 32, 32, 32,105,102, 32,112,114,111,109,
112,116, 83,116,114,105,110,103, 32,126, 61, 32,110,105,108, 32,116,104,101,110,
 10, 32, 32, 32, 32, 32,119,114,105,116,101, 70,117,110, 99,116,105,111,110, 40,
 32,112,114,111,109,112,116, 83,116,114,105,110,103, 32, 41, 10, 32, 32, 32, 32,
 32,111,115, 46,101,120,101, 99,117,116,101, 40, 34,115,108,101,101,112, 32, 49,
 34, 41, 10, 32, 32, 32, 32, 32,114,101,116,117,114,110, 86, 97,108,117,101, 91,
 32,100, 97,116, 97, 75,101,121, 32, 93, 32, 61, 32,114,101, 97,100, 70,117,110,
 99,116,105,111,110, 40, 41, 10, 32, 32, 32, 32,101,110,100, 10, 32, 32,101,110,
100, 10, 32, 32,116,115, 46,100,117,109,112, 40,114,101,116,117,114,110, 86, 97,
108,117,101, 41, 10, 32, 32,114,101,116,117,114,110, 32,114,101,116,117,114,110,
 86, 97,108,117,101, 10,101,110,100, 10, 10, 10,
};

 lua_dobuffer(L,(const char*)B5,sizeof(B5),"lua_expect.lua");
/* enhanced_environment.lua */
static const unsigned char B6[]={
 45, 45, 45, 10, 45, 45, 45, 32, 70,105,108,101, 32, 58,101,110, 99,104, 97,110,
 99,101,100, 95,101,110,118,105,114,111,110,109,101,110,116, 46,108,117, 97, 10,
 45, 45, 45, 32, 70,117,110, 99,116,105,111,110,115, 32,116, 97,107,101, 32,102,
114,111,109, 32, 10, 45, 45, 45, 32, 80,114,111,103,114, 97,109,109,105,110,103,
 32,105,110, 32, 76,117, 97, 32, 45, 45, 32,115,101, 99,111,110,100, 32,101,100,
105,116,111,110, 10, 45, 45, 45, 32, 67,104, 97,112,116,101,114, 32, 49, 52, 32,
 84,104,101, 32, 69,110,118,105,114,111,110,109,101,110,116, 10, 45, 45, 45, 32,
112, 97,103,101, 32, 49, 51, 48, 10, 10, 10,101,110,118, 32, 61, 32,123,125, 10,
 10,102,117,110, 99,116,105,111,110, 32,101,110,118, 46,103,101,116,102,105,101,
108,100, 40, 32,102, 32, 41, 10, 32, 32,108,111, 99, 97,108, 32,119, 10, 32, 32,
108,111, 99, 97,108, 32,118, 32, 61, 32, 95, 71, 32, 32, 32, 32, 32, 32, 32, 32,
 32, 32, 32, 32, 45, 45, 32,115,116, 97,114,116, 32,119,105,116,104, 32,116,104,
101, 32,116, 97, 98,108,101, 32,111,102, 32,103,108,111, 98, 97,108,115, 10, 32,
 32,102,111,114, 32,119, 32,105,110, 32,115,116,114,105,110,103, 46,103,109, 97,
116, 99,104, 40, 32,102, 44, 32, 34, 91, 37,119, 95, 93, 43, 34, 41, 32,100,111,
 10, 32, 32, 32, 32,105,102, 32,116,121,112,101, 40,118, 41, 32,126, 61, 32, 34,
116, 97, 98,108,101, 34, 32,116,104,101,110, 32,114,101,116,117,114,110, 32,110,
105,108, 32,101,110,100, 10, 32, 32, 32, 32,118, 32, 61, 32,118, 91,119, 93, 10,
 32, 32,101,110,100, 10, 32, 32,114,101,116,117,114,110, 32,118, 10,101,110,100,
 10, 10, 10, 10,102,117,110, 99,116,105,111,110, 32,101,110,118, 46,115,101,116,
102,105,101,108,100, 40, 32,102, 44, 32,118, 32, 41, 10, 32, 32, 32,108,111, 99,
 97,108, 32,100, 44,119, 10, 32, 32, 32,108,111, 99, 97,108, 32,116, 32, 61, 32,
 95, 71, 32, 32, 32, 32, 32, 32, 32, 32, 32, 32, 45, 45, 32,115,116, 97,114,116,
 32,119,105,116,104, 32,116,104,101, 32,116, 97, 98,108,101, 32,111,102, 32,103,
108,111, 98, 97,108,115, 10, 32, 32, 32,102,111,114, 32,119, 44, 32,100, 32,105,
110, 32,115,116,114,105,110,103, 46,103,109, 97,116, 99,104, 40,102, 44, 34, 40,
 91, 37,119, 95, 93, 43, 41, 40, 46, 63, 41, 34, 41, 32,100,111, 10, 32, 32, 32,
 32,105,102, 32,100, 32, 61, 61, 32, 34, 46, 34, 32,116,104,101,110, 32, 32, 32,
 32, 32, 45, 45, 32,110,111,116, 32,108, 97,115,116, 32,102,105,101,108,100, 10,
 32, 32, 32, 32, 32, 32,116, 91,119, 93, 32, 61, 32,116, 91,119, 93, 32,111,114,
 32,123,125, 32, 32, 45, 45, 32, 99,114,101, 97,116,101, 32,116, 97, 98,108,101,
 32,105,102, 32, 97, 98,115,101,110,116, 10, 32, 32, 32, 32, 32, 32,116, 32, 61,
 32,116, 91,119, 93, 32, 32, 32, 32, 32, 32, 32, 32, 32, 32, 32, 45, 45, 32,103,
101,116, 32,116,104,101, 32,116, 97, 98,108,101, 10, 32, 32, 32, 32,101,108,115,
101, 32, 32, 32, 32, 32, 32, 32, 32, 32, 32, 32, 32, 32, 32, 32, 32, 32, 45, 45,
 32,101,108,115,101, 32,108, 97,115,116, 32,102,105,101,108,100, 10, 32, 32, 32,
 32, 32, 32,116, 91,119, 93, 32, 61, 32,118, 32, 32, 32, 32, 32, 32, 32, 32, 32,
 32, 32, 45, 45, 32,100,111, 32,116,104,101, 32, 97,115,115,105,103,110,109,101,
110,116, 10, 32, 32, 32, 32,101,110,100, 10, 32, 32, 32,101,110,100, 10,101,110,
100, 10, 32, 10, 10,102,117,110, 99,116,105,111,110, 32,101,110,118, 46,104,101,
108,112, 40, 41, 10, 32,112,114,105,110,116, 40, 34,101,110,118, 32, 97,108,108,
111,119,115, 32, 99,114,101, 97,116,105,111,110, 32,111,102, 32,103,108,111, 98,
 97,108, 32,112, 97, 99,107, 97,103,101,115, 32, 97,110,100, 32,102,105,101,108,
100,115, 34, 41, 10, 32,112,114,105,110,116, 40, 34, 46,103,101,116,102,105,101,
108,100, 40, 32, 39,102, 46,103, 46,120, 39, 41, 32, 45, 45, 32,114,101,116,114,
105,101,118,101,115, 32,118, 97,108,117,101, 32, 34, 41, 10, 32,112,114,105,110,
116, 40, 34, 46,115,101,116,102,105,101,108,100, 40, 32, 39,102, 46,103, 46,120,
 39, 44,100, 97,116, 97, 41, 32, 45, 45, 32,115,101,116,115, 32,118, 97,108,117,
101, 32, 97,110,100, 32, 99,114,101, 97,116,101,115, 32,115,116,114,117, 99,116,
117,114,101,115, 32,105,102, 32,110,111,116, 32,112,114,101,115,101,110,116, 34,
 41, 10,101,110,100, 10, 10,102,117,110, 99,116,105,111,110, 32,101,110,118, 46,
100,101,115, 99,114,105,112,116,105,111,110, 40, 41, 10, 32, 32,114,101,116,117,
114,110, 32, 34,101,110,118, 32, 97,108,108,111,119,115, 32, 99,114,101, 97,116,
105,111,110, 32,111,102, 32,103,108,111, 98, 97,108, 32,112, 97, 99,107, 97,103,
101,115, 32, 97,110,100, 32,102,105,101,108,100,115, 34, 10,101,110,100,
};

 lua_dobuffer(L,(const char*)B6,sizeof(B6),"enhanced_environment.lua");
/* enhanced_string.lua */
static const unsigned char B7[]={
 45, 45, 91, 91, 10, 10, 32, 32, 32, 32,101,110,104, 97,110, 99,101,100, 95,115,
116,114,105,110,103, 46,108,117, 97, 10, 32, 32, 32, 32, 84,104,101, 32,112,117,
114,112,111,115,101, 32,111,102, 32,116,104,105,115, 32,102,105,108,101, 32,105,
115, 32,116,111, 32, 97,117,103,109,101,110,116, 32,116,104,101, 32,115,116,114,
105,110,103, 32,112, 97, 99,107, 97,103,101, 46, 10, 32, 32, 32, 32, 10, 32, 32,
 32, 32, 10, 10, 10, 10, 10, 45, 45, 93, 93, 10, 10, 10, 10,102,117,110, 99,116,
105,111,110, 32,115,112,114,105,110,116,102, 40,102,109,116, 44, 46, 46, 46, 41,
 10, 32, 32,114,101,116,117,114,110, 32,115,116,114,105,110,103, 46,102,111,114,
109, 97,116, 40,102,109,116, 44,117,110,112, 97, 99,107, 40, 97,114,103, 41, 41,
 10,101,110,100, 10, 10,102,117,110, 99,116,105,111,110, 32,112,114,105,110,116,
102, 40,102,109,116, 44, 32, 46, 46, 46, 32, 41, 10, 32, 32,112,114,105,110,116,
 40, 32,115,116,114,105,110,103, 46,102,111,114,109, 97,116, 40,102,109,116, 44,
117,110,112, 97, 99,107, 40, 97,114,103, 41, 41, 32, 41, 10,101,110,100, 10, 10,
 10, 45, 45, 32, 83,112,108,105,116, 32,116,101,120,116, 32,105,110,116,111, 32,
 97, 32,108,105,115,116, 32, 99,111,110,115,105,115,116,105,110,103, 32,111,102,
 32,116,104,101, 32,115,116,114,105,110,103,115, 32,105,110, 32,116,101,120,116,
 44, 10, 45, 45, 32,115,101,112, 97,114, 97,116,101,100, 32, 98,121, 32,115,116,
114,105,110,103,115, 32,109, 97,116, 99,104,105,110,103, 32,100,101,108,105,109,
105,116,101,114, 32, 40, 32,119,104,105, 99,104, 32,109, 97,121, 32, 98,101, 32,
 97, 32,112, 97,116,116,101,114,110, 32, 41, 46, 10, 45, 45, 32,101,120, 97,109,
112,108,101, 58, 32,115,116,114,105,110,103, 46,115,112,108,105,116, 40, 34, 44,
 37,115, 42, 34, 44, 34, 10,102,117,110, 99,116,105,111,110, 32,115,116,114,105,
110,103, 46,116,114,105,109, 40,115, 41, 10, 32, 32,114,101,116,117,114,110, 40,
 32,115,116,114,105,110,103, 46,103,115,117, 98, 40,115, 44, 34, 94, 37,115, 42,
 40, 46, 45, 41, 37,115, 42, 36, 34, 44, 34, 37, 49, 34, 41, 41, 10,101,110,100,
 10, 10, 10, 45, 45, 10, 45, 45, 32, 32, 67,111,100,101, 32,105,115, 32,102,114,
111,109, 32,108,117, 97, 32,119,105,107,105, 10, 45, 45, 10, 45, 45, 32, 91,102,
105,114,115,116, 93, 32, 98,101,103,105,110, 32,100,117,109,112, 32, 97,116, 32,
 49, 54, 32, 98,121,116,101, 45, 97,108,105,103,110,101,100, 32,111,102,102,115,
101,116, 32, 99,111,110,116, 97,105,110,105,110,103, 32, 39,102,105,114,115,116,
 39, 32, 98,121,116,101, 10, 45, 45, 32, 91,108, 97,115,116, 93, 32,101,110,100,
 32,100,117,109,112, 32, 97,116, 32, 49, 54, 32, 98,121,116,101, 45, 97,108,105,
103,110,101,100, 32,111,102,102,115,101,116, 32, 99,111,110,116, 97,105,110,105,
110,103, 32, 39,108, 97,115,116, 39, 32, 98,121,116,101, 10,102,117,110, 99,116,
105,111,110, 32,115,116,114,105,110,103, 46,104,101,120, 95,100,117,109,112, 40,
 98,117,102, 44,102,105,114,115,116, 44,108, 97,115,116, 41, 10, 32, 32, 32, 32,
 32, 32,108,111, 99, 97,108, 32,102,117,110, 99,116,105,111,110, 32, 97,108,105,
103,110, 40,110, 41, 32,114,101,116,117,114,110, 32,109, 97,116,104, 46, 99,101,
105,108, 40,110, 47, 49, 54, 41, 32, 42, 32, 49, 54, 32,101,110,100, 10, 32, 32,
 32, 32, 32, 32,102,111,114, 32,105, 61, 40, 97,108,105,103,110, 40, 40,102,105,
114,115,116, 32,111,114, 32, 49, 41, 45, 49, 54, 41, 43, 49, 41, 44, 97,108,105,
103,110, 40,109, 97,116,104, 46,109,105,110, 40,108, 97,115,116, 32,111,114, 32,
 35, 98,117,102, 44, 35, 98,117,102, 41, 41, 32,100,111, 10, 32, 32, 32, 32, 32,
 32, 32, 32, 32,105,102, 32, 40,105, 45, 49, 41, 32, 37, 32, 49, 54, 32, 61, 61,
 32, 48, 32,116,104,101,110, 32,105,111, 46,119,114,105,116,101, 40,115,116,114,
105,110,103, 46,102,111,114,109, 97,116, 40, 39, 37, 48, 56, 88, 32, 32, 39, 44,
 32,105, 45, 49, 41, 41, 32,101,110,100, 10, 32, 32, 32, 32, 32, 32, 32, 32, 32,
105,111, 46,119,114,105,116,101, 40, 32,105, 32, 62, 32, 35, 98,117,102, 32, 97,
110,100, 32, 39, 32, 32, 32, 39, 32,111,114, 32,115,116,114,105,110,103, 46,102,
111,114,109, 97,116, 40, 39, 37, 48, 50, 88, 32, 39, 44, 32, 98,117,102, 58, 98,
121,116,101, 40,105, 41, 41, 32, 41, 10, 32, 32, 32, 32, 32, 32, 32, 32, 32,105,
102, 32,105, 32, 37, 32, 32, 56, 32, 61, 61, 32, 48, 32,116,104,101,110, 32,105,
111, 46,119,114,105,116,101, 40, 39, 32, 39, 41, 32,101,110,100, 10, 32, 32, 32,
 32, 32, 32, 32, 32, 32,105,102, 32,105, 32, 37, 32, 49, 54, 32, 61, 61, 32, 48,
 32,116,104,101,110, 32,105,111, 46,119,114,105,116,101, 40, 32, 98,117,102, 58,
115,117, 98, 40,105, 45, 49, 54, 43, 49, 44, 32,105, 41, 58,103,115,117, 98, 40,
 39, 37, 99, 39, 44, 39, 46, 39, 41, 44, 32, 39, 92,110, 39, 32, 41, 32,101,110,
100, 10, 32, 32, 32, 32, 32, 32, 32,101,110,100, 10,101,110,100, 10, 10, 10,
};

 lua_dobuffer(L,(const char*)B7,sizeof(B7),"enhanced_string.lua");
/* table_support.lua */
static const unsigned char B8[]={
 45, 45, 45, 10, 45, 45, 45, 32, 70,105,108,101, 58, 32,116, 97, 98,108,101, 95,
115,117,112,112,111,114,116, 46,108,117, 97, 10, 45, 45, 45, 10, 45, 45, 45, 10,
 45, 45, 45, 10, 10,116,115, 32, 61, 32,123,125, 10, 10,102,117,110, 99,116,105,
111,110, 32,116,115, 46,104, 97,115, 75,101,121, 40, 32,120, 44, 32,107,101,121,
 41, 10, 32,108,111, 99, 97,108, 32,114,101,116,117,114,110, 86, 97,108,117,101,
 10, 32,105,102, 32,120, 91,107,101,121, 93, 32,126, 61, 32,110,105,108, 32,116,
104,101,110, 10, 32, 32, 32,114,101,116,117,114,110, 86, 97,108,117,101, 32, 61,
 32,116,114,117,101, 10, 32,101,108,115,101, 10, 32, 32, 32,114,101,116,117,114,
110, 86, 97,108,117,101, 32, 61, 32,102, 97,108,115,101, 10, 32,101,110,100, 10,
 32,114,101,116,117,114,110, 32,114,101,116,117,114,110, 86, 97,108,117,101, 10,
101,110,100, 10, 10,102,117,110, 99,116,105,111,110, 32,116,115, 46,107,101,121,
115, 40,120, 32, 41, 10, 32,108,111, 99, 97,108, 32,116,101,109,112, 10, 32,116,
101,109,112, 32, 61, 32,123,125, 10, 32,102,111,114, 32,105, 44,106, 32,105,110,
 32,112, 97,105,114,115, 40,120, 41, 32,100,111, 10, 32, 32, 32,116, 97, 98,108,
101, 46,105,110,115,101,114,116, 40,116,101,109,112, 44,105, 41, 10, 32,101,110,
100, 10, 32,114,101,116,117,114,110, 32,116,101,109,112, 10,101,110,100, 10, 10,
 45, 45, 32,100,117,109,112,115, 32,101,110,116,114,105,101,115, 32,111,102, 32,
116, 97, 98,108,101, 10,102,117,110, 99,116,105,111,110, 32,116,115, 46,100,117,
109,112, 40,120, 44,115,101,112, 41, 10, 32,108,111, 99, 97,108, 32, 32,115,101,
112, 95,116, 97, 98,108,101, 10, 10, 32,105,102, 32,116,121,112,101, 40,120, 41,
 32,126, 61, 32, 34,116, 97, 98,108,101, 34, 32,116,104,101,110, 32,114,101,116,
117,114,110, 32,101,110,100, 10, 32, 10, 32,102,111,114, 32,105, 44,106, 32,105,
110, 32,112, 97,105,114,115, 40, 32,120, 32, 41, 32,100,111, 10, 32, 32,105,102,
 32,116,121,112,101, 40,106, 41, 32, 61, 61, 32, 34,116, 97, 98,108,101, 34, 32,
116,104,101,110, 10, 32, 32, 32, 32,105,102, 32,115,101,112, 32, 61, 61, 32,110,
105,108, 32,116,104,101,110, 10, 32, 32, 32, 32, 32, 32, 32,112,114,105,110,116,
 40, 32,105, 44, 34,101,120,112, 97,110,100,105,110,103, 32,116, 97, 98,108,101,
 34, 32, 41, 10, 32, 32, 32, 32,101,108,115,101, 10, 32, 32, 32, 32, 32, 32, 32,
112,114,105,110,116, 40,115,101,112, 44,105, 44, 34,101,120,112, 97,110,100,105,
110,103, 32,116, 97, 98,108,101, 34, 41, 10, 32, 32, 32, 32,101,110,100, 10, 32,
 32, 32, 32,105,102, 32,115,101,112, 32, 61, 61, 32,110,105,108, 32,116,104,101,
110, 10, 32, 32, 32, 32, 32, 32,115,101,112, 32, 61, 32, 34, 45, 45, 62, 34, 10,
 32, 32, 32, 32,101,108,115,101, 10, 32, 32, 32, 32, 32, 32, 32,115,101,112, 32,
 61, 32, 34, 45, 45,124, 34, 46, 46,115,101,112, 10, 32, 32, 32, 32,101,110,100,
 10, 32, 32, 32, 32,116,115, 46,100,117,109,112, 40,106, 44,115,101,112, 41, 10,
 32, 32, 32, 32,115,101,112, 32, 61, 32,115,116,114,105,110,103, 46,115,117, 98,
 40,115,101,112, 44, 52, 41, 10, 32, 32, 32, 32,105,102, 32,115,101,112, 32, 61,
 61, 32, 34, 34, 32,116,104,101,110, 10, 32, 32, 32, 32, 32, 32, 32,115,101,112,
 32, 61, 32,110,105,108, 10, 32, 32, 32, 32,101,110,100, 10, 32, 32,101,108,115,
101, 10, 32, 32, 32, 32, 32,105,102, 32,115,101,112, 32,126, 61, 32,110,105,108,
 32,116,104,101,110, 10, 32, 32, 32, 32, 32, 32, 32,112,114,105,110,116, 40,115,
101,112, 44,105, 44,106, 41, 10, 32, 32, 32, 32, 32,101,108,115,101, 10, 32, 32,
 32, 32, 32, 32, 32,112,114,105,110,116, 40,105, 44,106, 41, 10, 32, 32, 32, 32,
 32,101,110,100, 10, 32, 32,101,110,100, 10, 32,101,110,100, 10,101,110,100, 10,
 10, 45, 45, 32,100,117,109,112,115, 32, 97,114,114, 97,121, 32,112, 97,114,116,
 32,111,102, 32,116, 97, 98,108,101, 10,102,117,110, 99,116,105,111,110, 32,116,
115, 46,105,100,117,109,112, 40,120, 41, 10, 32, 32,102,111,114, 32,105, 44,107,
 32,105,110, 32,105,112, 97,105,114,115, 40,120, 41, 32,100,111, 10, 32, 32, 32,
112,114,105,110,116, 40,105, 44,107, 41, 10, 32, 32,101,110,100, 10,101,110,100,
 10, 10,102,117,110, 99,116,105,111,110, 32,116,115, 46,115,111,114,116, 40,120,
 41, 10, 32, 32,108,111, 99, 97,108, 32,116,101,109,112, 10, 10, 10, 32, 32,114,
101,116,117,114,110, 86, 97,108,117,101, 32, 61, 32,123,125, 10, 32, 32,116,101,
109,112, 32, 61, 32,123,125, 10, 32, 32,102,111,114, 32,105, 44,106, 32,105,110,
 32,112, 97,105,114,115, 40,120, 41, 32,100,111, 10, 32, 32, 32,116, 97, 98,108,
101, 46,105,110,115,101,114,116, 40,116,101,109,112, 44,116,111,115,116,114,105,
110,103, 40,105, 41, 41, 10, 32, 32,101,110,100, 10, 32, 32,116, 97, 98,108,101,
 46,115,111,114,116, 40,116,101,109,112, 41, 10, 32, 32,114,101,116,117,114,110,
 32,116,101,109,112, 10,101,110,100, 10, 45, 45, 10, 45, 45, 45, 32, 70,111,108,
108,111,119,105,110,103, 32, 99,111,100,101, 32,105,102, 32,102,114,111,109, 32,
108,117, 97, 32,119,105,107,105, 32,115,105,116,101, 10, 45, 45, 45, 10, 45, 45,
 45, 10, 45, 45, 45, 45, 32, 84,104,105,115, 32,102,117,110, 99,116,105,111,110,
 32,114,101,116,117,114,110,115, 32, 97, 32,100,101,101,112, 32, 99,111,112,121,
 32,111,102, 32, 97, 32,103,105,118,101,110, 32,116, 97, 98,108,101, 46, 32, 10,
 45, 45, 45, 45, 32, 84,104,101, 32,102,117,110, 99,116,105,111,110, 32, 98,101,
108,111,119, 32, 97,108,115,111, 32, 99,111,112,105,101,115, 32,116,104,101, 32,
109,101,116, 97,116, 97, 98,108,101, 32,116,111, 32,116,104,101, 32,110,101,119,
 32,116, 97, 98,108,101, 32,105,102, 32,116,104,101,114,101, 32,105,115, 32,111,
110,101, 44, 32,115,111, 32,116,104,101, 32, 98,101,104, 97,118,105,111,117,114,
 32,111,102, 32,116,104,101, 32, 99,111,112,105,101,100, 32,116, 97, 98,108,101,
 32,105,115, 32,116,104,101, 32,115, 97,109,101, 32, 97,115, 32,116,104,101, 32,
111,114,105,103,105,110, 97,108, 46, 32, 10, 45, 45, 45, 32, 32, 66,117,116, 32,
116,104,101, 32, 50, 32,116, 97, 98,108,101,115, 32,115,104, 97,114,101, 32,116,
104,101, 32,115, 97,109,101, 32,109,101,116, 97,116, 97, 98,108,101, 44, 32,121,
111,117, 32, 99, 97,110, 32, 97,118,111,105,100, 32,116,104,105,115, 32, 98,121,
 32, 99,104, 97,110,103,105,110,103, 32,116,104,105,115, 32, 39,103,101,116,109,
101,116, 97,116, 97, 98,108,101, 40,111, 98,106,101, 99,116, 41, 39, 32,116,111,
 32, 39, 95, 99,111,112,121, 40, 32,103,101,116,109,101,116, 97,116, 97, 98,108,
101, 40,111, 98,106,101, 99,116, 41, 32, 41, 39, 46, 10, 10,102,117,110, 99,116,
105,111,110, 32,116,115, 46,100,101,101,112, 99,111,112,121, 40,111, 98,106,101,
 99,116, 41, 10, 32, 32,108,111, 99, 97,108, 32,108,111,111,107,117,112, 95,116,
 97, 98,108,101, 32, 61, 32,123,125, 10, 32, 32,108,111, 99, 97,108, 32,102,117,
110, 99,116,105,111,110, 32, 95, 99,111,112,121, 40,111, 98,106,101, 99,116, 41,
 10, 32, 32, 32, 32, 32,105,102, 32,116,121,112,101, 40,111, 98,106,101, 99,116,
 41, 32,126, 61, 32, 34,116, 97, 98,108,101, 34, 32,116,104,101,110, 10, 32, 32,
 32, 32, 32, 32, 32, 32, 32, 32,114,101,116,117,114,110, 32,111, 98,106,101, 99,
116, 10, 32, 32, 32, 32, 32, 32,101,108,115,101,105,102, 32,108,111,111,107,117,
112, 95,116, 97, 98,108,101, 91,111, 98,106,101, 99,116, 93, 32,116,104,101,110,
 10, 32, 32, 32, 32, 32, 32, 32, 32, 32, 32,114,101,116,117,114,110, 32,108,111,
111,107,117,112, 95,116, 97, 98,108,101, 91,111, 98,106,101, 99,116, 93, 10, 32,
 32, 32, 32, 32,101,110,100, 10, 32, 32, 32, 32, 32,108,111, 99, 97,108, 32,110,
101,119, 95,116, 97, 98,108,101, 32, 61, 32,123,125, 10, 32, 32, 32, 32, 32,108,
111,111,107,117,112, 95,116, 97, 98,108,101, 91,111, 98,106,101, 99,116, 93, 32,
 61, 32,110,101,119, 95,116, 97, 98,108,101, 10, 32, 32, 32, 32, 32,102,111,114,
 32,105,110,100,101,120, 44, 32,118, 97,108,117,101, 32,105,110, 32,112, 97,105,
114,115, 40,111, 98,106,101, 99,116, 41, 32,100,111, 10, 32, 32, 32, 32, 32, 32,
 32, 32, 32, 32,110,101,119, 95,116, 97, 98,108,101, 91, 95, 99,111,112,121, 40,
105,110,100,101,120, 41, 93, 32, 61, 32, 95, 99,111,112,121, 40,118, 97,108,117,
101, 41, 10, 32, 32, 32, 32, 32, 32,101,110,100, 10, 32, 32, 32, 32, 32, 32,114,
101,116,117,114,110, 32,115,101,116,109,101,116, 97,116, 97, 98,108,101, 40,110,
101,119, 95,116, 97, 98,108,101, 44, 32,103,101,116,109,101,116, 97,116, 97, 98,
108,101, 40,111, 98,106,101, 99,116, 41, 41, 10, 32, 32, 32,101,110,100, 10, 32,
 32, 32,114,101,116,117,114,110, 32, 95, 99,111,112,121, 40,111, 98,106,101, 99,
116, 41, 10, 32,101,110,100, 10, 10, 10, 45, 45, 10, 45, 45, 10, 45, 45, 32, 77,
 97,112, 32,105,115, 32, 97, 32,102,117,110, 99,116,105,111,110, 32,116,104, 97,
116, 32,116, 97,107,101,115, 32, 97, 32,108,105,115,116, 32,111,102, 32,100, 97,
116, 97, 32, 97,110,100, 32,114,101,116,117,114,110,115, 32, 97, 32,115,105,110,
103,108,101, 32,118, 97,108,117,101, 10, 45, 45, 32,114,101,100,117, 99,101, 32,
102,117,110, 99,116,105,111,110, 32,104, 97,115, 32,116,104,101, 32,102,111,108,
108,111,119,105,110,103, 32,112,114,111,116,111,116,121,112,101, 32,114,101,100,
117, 99,101, 70,117,110, 99,116,105,111,110, 40, 32,112,114,101,118,105,111,117,
115, 86, 97,108,117,101, 44, 32,105,110,100,101,120, 44, 32,118, 97,108,117,101,
 32, 41, 10, 45, 45, 32,112,114,101,118,105,111,117,115, 86, 97,108,117,101, 32,
105,115, 32,105,110,105,116,105, 97,108,108,121, 32,110,105,108, 10, 45, 45, 10,
102,117,110, 99,116,105,111,110, 32,116,115, 46,114,101,100,117, 99,101, 40, 32,
114,101,100,117, 99,101, 70,117,110, 99,116,105,111,110, 44, 32,116, 97, 98,108,
101, 32, 41, 10, 32, 32,108,111, 99, 97,108, 32,116,101,109,112, 10, 10, 32, 32,
116,101,109,112, 32, 61, 32,110,105,108, 10, 10, 32, 32,102,111,114, 32,105, 44,
106, 32,105,110, 32,112, 97,105,114,115, 40, 32,116, 97, 98,108,101, 32, 41, 32,
100,111, 10, 32, 32, 32,116,101,109,112, 32, 61, 32, 32,114,101,100,117, 99,101,
 70,117,110, 99,116,105,111,110, 40, 32,116,101,109,112, 44, 32,105, 44,106, 41,
 10, 32, 32,101,110,100, 10, 10, 32, 32,114,101,116,117,114,110, 32,116,101,109,
112, 10,101,110,100, 10, 10, 10, 10, 45, 45, 10, 45, 45, 10, 45, 45, 32, 77, 97,
112, 32,105,115, 32, 97, 32,102,117,110, 99,116,105,111,110, 32,116,104, 97,116,
 32,116, 97,107,101,115, 32, 97,110,100, 32,105,110,112,117,116, 32, 97,110,100,
 32, 97,112,112,108,105,101,115, 32,105,116, 32,116,111, 32, 97, 32,108,105,115,
116, 32,111,102, 32,100, 97,116, 97, 32, 10, 45, 45, 32,114,101,116,117,114,110,
115, 32,116,119,111, 32,116, 97, 98,108,101,115, 32, 10, 45, 45, 32,102,105,108,
116,101,114, 70,117,110, 99,116,105,111,110, 32,104, 97,115, 32,116,104,101, 32,
112,114,111,116,111,116,121,112,101, 32,111,102, 32,102,117,110, 99,116,105,111,
110, 40, 32,105,110,100,101,120, 44, 32,118, 97,108,117,101, 32, 41, 32, 97,110,
100, 32,114,101,116,117,114,110,115, 32,116,114,117,101, 32,111,114, 32,102, 97,
108,115,101, 10, 45, 45, 10,102,117,110, 99,116,105,111,110, 32,116,115, 46,109,
 97,112, 40, 32,109, 97,112, 70,117,110, 99,116,105,111,110, 44, 32,116, 97, 98,
108,101, 32, 41, 10, 32, 32,108,111, 99, 97,108, 32,116,101,109,112, 10, 10, 32,
 32,116,101,109,112, 32, 61, 32,123,125, 10, 10, 32, 32,102,111,114, 32,105, 44,
106, 32,105,110, 32,112, 97,105,114,115, 40, 32,116, 97, 98,108,101, 32, 41, 32,
100,111, 10, 32, 32, 32, 32,116, 97, 98,108,101, 46,105,110,115,101,114,116, 40,
 32,116,101,109,112, 44, 32,109, 97,112, 70,117,110, 99,116,105,111,110, 40, 32,
105, 44,106, 41, 41, 10, 32, 32,101,110,100, 10, 10, 32, 32,114,101,116,117,114,
110, 32,116,101,109,112, 10,101,110,100, 10, 45, 45, 10, 45, 45, 10, 45, 45, 10,
 45, 45, 32, 70,105,108,116,101,114, 32,102,117,110, 99,116,105,111,110, 32,105,
115, 32, 97, 32,102,117,110, 99,116,105,111,110, 32,116,104, 97,116, 32,116, 97,
107,101,115, 32,116, 97, 98,108,101, 32,105,110,112,117,116, 32, 97,110,100, 32,
114,101,116,117,114,110,115, 32,116,114,117,101, 32,111,114, 32,102, 97,108,115,
101, 10, 45, 45, 32,114,101,116,117,114,110,115, 32,116,119,111, 32,116, 97, 98,
108,101,115, 10, 45, 45, 32,102,105,114,115,116, 32,116, 97, 98,108,101, 32,105,
115, 32,116,104,101, 32,108,105,115,116, 32,116,104, 97,116, 32, 10, 45, 45, 32,
102,105,108,116,101,114, 70,117,110, 99,116,105,111,110, 32,104, 97,115, 32,116,
104,101, 32,112,114,111,116,111,116,121,112,101, 32,111,102, 32,102,117,110, 99,
116,105,111,110, 40, 32,105,110,100,101,120, 44, 32,118, 97,108,117,101, 32, 41,
 32, 97,110,100, 32,114,101,116,117,114,110,115, 32,116,114,117,101, 32,111,114,
 32,102, 97,108,115,101, 10, 45, 45, 10,102,117,110, 99,116,105,111,110, 32,116,
115, 46,102,105,108,116,101,114, 40, 32,102,105,108,116,101,114, 70,117,110, 99,
116,105,111,110, 44, 32,116, 97, 98,108,101, 32, 41, 10, 32, 32,108,111, 99, 97,
108, 32,116,101,109,112, 49, 10, 32, 32,108,111, 99, 97,108, 32,116,101,109,112,
 50, 10, 32, 32,116,101,109,112, 49, 32, 61, 32,123,125, 10, 32, 32,116,101,109,
112, 50, 32, 61, 32,123,125, 10, 32, 32,102,111,114, 32,105, 44,106, 32,105,110,
 32,112, 97,105,114,115, 40, 32,116, 97, 98,108,101, 32, 41, 32,100,111, 10, 32,
 32, 32, 32,105,102, 32, 32,102,105,108,116,101,114, 70,117,110, 99,116,105,111,
110, 40,105, 44,106, 41, 32,116,104,101,110, 10, 32, 32, 32, 32, 32, 32,116,101,
109,112, 49, 91,105, 93, 32, 61, 32,106, 10, 32, 32, 32, 32,101,108,115,101, 10,
 32, 32, 32, 32, 32, 32,116,101,109,112, 50, 91,105, 93, 32, 61, 32,106, 10, 32,
 32, 32, 32,101,110,100, 10, 10, 32, 32,101,110,100, 10, 32, 32,114,101,116,117,
114,110, 32,116,101,109,112, 49, 44,116,101,109,112, 50, 10,101,110,100, 10, 10,
 10,102,117,110, 99,116,105,111,110, 32,116,115, 46,113,117,101,114,121, 40, 32,
113,117,101,114,121,115,116,114,105,110,103, 44, 32,116, 97, 98,108,101, 32, 41,
 10, 32, 32,108,111, 99, 97,108, 32,116,101,109,112, 10, 32, 32,108,111, 99, 97,
108, 32,102,110, 10, 32, 32,108,111, 99, 97,108, 32,114,101,116,117,114,110, 86,
 97,108,117,101, 10, 10, 10, 32, 32,114,101,116,117,114,110, 86, 97,108,117,101,
 32, 61, 32,123,125, 10, 32, 32,116,101,109,112, 32, 61, 32, 34,114,101,116,117,
114,110, 32, 34, 46, 46,113,117,101,114,121,115,116,114,105,110,103, 10, 32, 32,
102,110, 32, 61, 32,108,111, 97,100,115,116,114,105,110,103, 40,116,101,109,112,
 41, 10, 32, 32,105,102, 32,102,110, 32,126, 61, 32,110,105,108, 32,116,104,101,
110, 10, 32, 32, 32, 32,102,111,114, 32,105, 44,101,110,116,114,121, 32,105,110,
 32,112, 97,105,114,115, 40, 32,116, 97, 98,108,101, 32, 41, 32,100,111, 10, 32,
 32, 32, 32, 32, 32, 32,116,115, 46,101,110,116,114,121, 32, 61, 32,101,110,116,
114,121, 10, 10, 32, 32, 32, 32, 32, 32, 32,105,102, 32, 32,102,110, 40, 41, 32,
116,104,101,110, 10, 32, 32, 32, 10, 32, 32, 32, 32, 32, 32, 32, 32, 32,114,101,
116,117,114,110, 86, 97,108,117,101, 91,105, 93, 32, 61, 32,101,110,116,114,121,
 10, 32, 32, 32, 32, 32, 32, 32, 10, 32, 32, 32, 32, 32, 32, 32, 32, 10, 32, 32,
 32, 32, 32, 32, 32,101,110,100, 10, 32, 32, 32, 32, 32,101,110,100, 10, 32, 32,
101,108,115,101, 10, 32, 32, 32,112,114,105,110,116, 40, 34,108,111,103,105, 99,
 32,101,120,112,114,101,115,115,105,111,110, 32,100,105,100, 32,110,111,116, 32,
 99,111,109,112,105,108,101, 34, 41, 10, 32, 32,101,110,100, 10, 32, 32,114,101,
116,117,114,110, 32,114,101,116,117,114,110, 86, 97,108,117,101, 10,101,110,100,
 10, 10, 10,102,117,110, 99,116,105,111,110, 32,116,115, 46,108,105,115,116, 40,
 32,116, 97, 98,108,101, 32, 41, 32, 10, 32, 32,102,111,114, 32,105, 44,106, 32,
105,110, 32,112, 97,105,114,115, 40, 32,116, 97, 98,108,101, 41, 32,100,111, 10,
 32, 32, 32,112,114,105,110,116, 40, 34,105,110,100,101,120, 34, 44,105, 44, 34,
116,121,112,101, 34, 44,116,121,112,101, 40,105, 41, 44, 34,118, 97,108,117,101,
 34, 44,106, 44, 34,116,121,112,101, 34, 44,116,121,112,101, 40,106, 41, 32, 41,
 10, 32, 32,101,110,100, 10,101,110,100, 10, 10,102,117,110, 99,116,105,111,110,
 32,116,115, 46,100,101,101,112, 69,113,117, 97,108, 40, 32,116, 97, 98,108,101,
 49, 44, 32,116, 97, 98,108,101, 50, 32, 41, 10, 32, 32, 45, 45, 45, 32,116,104,
105,115, 32,102,117,110, 99,116,105,111,110, 32,105,115, 32,116, 98,100, 10,101,
110,100, 10, 10, 10,102,117,110, 99,116,105,111,110, 32,116,115, 46,100,101,115,
 99,114,105,112,116,105,111,110, 40, 41, 10, 32, 32,114,101,116,117,114,110, 32,
 34,108,117, 97, 32,116, 97, 98,108,101, 32,115,117,112,112,111,114,116, 32,102,
117,110, 99,116,105,111,110,115, 34, 10,101,110,100, 10, 10,102,117,110, 99,116,
105,111,110, 32,116,115, 46,104,101,108,112, 40, 41, 10, 32,112,114,105,110,116,
 40, 34,102,117,110, 99,116,105,111,110,115, 32,102,111,114, 32,116, 97, 98,108,
101, 32,115,117,112,112,111,114,116, 34, 41, 10, 32,112,114,105,110,116, 40, 34,
 46,104, 97,115, 75,101,121, 40,116, 97, 98,108,101, 44,107,101,121, 41, 32, 45,
 45, 32,114,101,116,117,114,110,115, 32,116,114,117,101, 32,105,102, 32,101,110,
116,114,121, 32,111,114, 32,102, 97,108,115,101, 32,105,102, 32,102, 97,108,115,
101, 34, 41, 10, 32,112,114,105,110,116, 40, 34, 46,107,101,121,115, 40, 41, 32,
 45, 45, 32,114,101,116,117,114,110,115, 32,107,101,121, 32,111,102, 32,116, 97,
 98,108,101, 34, 41, 10, 32,112,114,105,110,116, 40, 34, 46,100,117,109,112, 40,
120, 41, 32, 45, 45, 45, 32,100,117,109,112,115, 32, 99,111,110,116,101,110,116,
 32,111,102, 32, 97, 32,116, 97, 98,108,101, 34, 41, 10, 32,112,114,105,110,116,
 40, 34, 46,115,111,114,116, 40,120, 41, 32, 45, 45, 45, 32,115,105,110,103,108,
101, 32,108,101,118,101,108, 32,116, 97, 98,108,101, 32,115,111,114,116, 34, 41,
 10, 32,112,114,105,110,116, 40, 34, 46,105,100,117,109,112, 40,120, 41, 32, 45,
 45, 45, 32,100,117,109,112,115, 32, 99,111,110,116,101,110,116, 32,111,102, 32,
 97,110, 32, 97,114,114, 97,121, 34, 41, 10, 32,112,114,105,110,116, 40, 34, 46,
100,101,101,112, 99,111,112,121, 40,120, 41, 32, 45, 45, 32, 99,114,101, 97,116,
101,115, 32,110,101,119, 32,105,110,115,116, 97,110, 99,101, 32,111,102, 32, 97,
 32,111, 98,106,101, 99,116, 34, 41, 10, 32,112,114,105,110,116, 40, 34, 46,109,
 97,112, 40,108,105,115,116, 79,102, 70,117,110, 99,116,105,111,110,115, 44, 32,
100, 97,116, 97, 41, 32, 45, 45, 45, 32,114,101,116,117,114,110,115, 32, 97, 32,
108,105,115,116, 32,119,104,101,114,101, 32,101, 97, 99,104, 32,102,117,110, 99,
116,105,111,110, 32,105,115, 32, 97,112,112,108,105,101,100, 32,116,111, 32,100,
 97,116, 97, 34, 41, 10, 32,112,114,105,110,116, 40, 34, 46,114,101,100,117, 99,
101, 40,108,105,115,116, 79,102, 70,117,110, 99,116,105,111,110,115, 44,108,105,
115,116, 95,111,102, 95,100, 97,116, 97, 32, 45, 45, 32,115,105,109,105,108, 97,
114, 32,116,111, 32,112,121,116,104,111,110, 32,114,101,100,117, 99,101, 34, 41,
 32, 10, 32,112,114,105,110,116, 40, 34, 46,102,105,108,116,101,114, 40,102,105,
108,116,101,114, 70,117,110, 99,116,105,111,110, 44,116, 97, 98,108,101, 41, 32,
 45, 45, 32,115,111,114,116,115, 32,116, 97, 98,108,101, 32,105,110,116,111, 32,
116,119,111, 32,116, 97, 98,108,101,115, 32,111,102, 32,109, 97,116, 99,104, 32,
 97,110,100, 32,110,111, 32,109, 97,116, 99,104, 32, 34, 41, 10, 32,112,114,105,
110,116, 40, 34, 46,113,117,101,114,121, 40, 32,113,117,101,114,121,115,116,114,
105,110,103, 44, 32,116, 97, 98,108,101, 32, 41, 32, 45, 45, 32,113,117,101,114,
121, 32,102,111,114, 32,116, 97, 98,108,101, 32,101,110,116,114,105,101,115, 32,
109,117,115,116, 32,114,101,102, 32,101,110,116,114,121, 46,102,105,101,108,100,
 32, 34, 32, 41, 10, 32,112,114,105,110,116, 40, 34, 46,108,105,115,116, 40, 32,
116, 97, 98,108,101, 32, 41, 32, 45, 45, 32,112,114,105,110,116,115, 32,114,101,
116,117,114,110,115, 32,116,121,112,101, 32,111,102, 32,116, 97, 98,108,101, 32,
 34, 41, 10, 32,112,114,105,110,116, 40, 34, 46,100,101,101,112, 69,113,117, 97,
108, 40,116, 97, 98,108,101, 49, 44,116, 97, 98,108,101, 50, 41, 32, 45, 45, 32,
114,101,116,117,114,110,115, 32,116,114,117,101, 32,105,102, 32,116, 97, 98,108,
101,115, 32,104, 97,118,101, 32,101,113,117, 97,108, 32, 99,111,109,112,111,110,
101,110,116,115, 34, 41, 10,101,110,100, 10, 10, 45, 45, 45, 10, 45, 45, 45, 10,
 45, 45, 45, 32, 70,111,108,108,111,119,105,110,103, 32, 99,111,100,101, 32,105,
102, 32,102,114,111,109, 32,108,117, 97, 32,119,105,107,105, 32,115,105,116,101,
 10, 45, 45, 45, 10, 45, 45, 45, 10, 45, 45, 45, 45, 32, 84,104,105,115, 32,102,
117,110, 99,116,105,111,110, 32,114,101,116,117,114,110,115, 32, 97, 32,100,101,
101,112, 32, 99,111,112,121, 32,111,102, 32, 97, 32,103,105,118,101,110, 32,116,
 97, 98,108,101, 46, 32, 10, 45, 45, 45, 45, 32, 84,104,101, 32,102,117,110, 99,
116,105,111,110, 32, 98,101,108,111,119, 32, 97,108,115,111, 32, 99,111,112,105,
101,115, 32,116,104,101, 32,109,101,116, 97,116, 97, 98,108,101, 32,116,111, 32,
116,104,101, 32,110,101,119, 32,116, 97, 98,108,101, 32,105,102, 32,116,104,101,
114,101, 32,105,115, 32,111,110,101, 44, 32,115,111, 32,116,104,101, 32, 98,101,
104, 97,118,105,111,117,114, 32,111,102, 32,116,104,101, 32, 99,111,112,105,101,
100, 32,116, 97, 98,108,101, 32,105,115, 32,116,104,101, 32,115, 97,109,101, 32,
 97,115, 32,116,104,101, 32,111,114,105,103,105,110, 97,108, 46, 32, 10, 45, 45,
 45, 32, 32, 66,117,116, 32,116,104,101, 32, 50, 32,116, 97, 98,108,101,115, 32,
115,104, 97,114,101, 32,116,104,101, 32,115, 97,109,101, 32,109,101,116, 97,116,
 97, 98,108,101, 44, 32,121,111,117, 32, 99, 97,110, 32, 97,118,111,105,100, 32,
116,104,105,115, 32, 98,121, 32, 99,104, 97,110,103,105,110,103, 32,116,104,105,
115, 32, 39,103,101,116,109,101,116, 97,116, 97, 98,108,101, 40,111, 98,106,101,
 99,116, 41, 39, 32,116,111, 32, 39, 95, 99,111,112,121, 40, 32,103,101,116,109,
101,116, 97,116, 97, 98,108,101, 40,111, 98,106,101, 99,116, 41, 32, 41, 39, 46,
 10, 10, 32, 10, 45, 45, 45, 45, 45, 45, 45, 45, 45, 45, 45, 45, 45, 45, 45, 45,
 45, 45, 45, 45, 45, 45, 45, 45, 45, 45, 45, 45, 45, 45, 45, 45, 45, 45, 45, 45,
 45, 45, 45, 45, 45, 45, 45, 45, 45, 45, 10, 45, 45, 32, 80,105, 99,107,108,101,
 46,108,117, 97, 10, 45, 45, 32, 65, 32,116, 97, 98,108,101, 32,115,101,114,105,
 97,108,105,122, 97,116,105,111,110, 32,117,116,105,108,105,116,121, 32,102,111,
114, 32,108,117, 97, 10, 45, 45, 32, 83,116,101,118,101, 32, 68,101,107,111,114,
116,101, 44, 32,104,116,116,112, 58, 47, 47,119,119,119, 46,100,101,107,111,114,
116,101, 46, 99,111,109, 44, 32, 65,112,114, 32, 50, 48, 48, 48, 10, 45, 45, 32,
 70,114,101,101,119, 97,114,101, 10, 32, 45, 45, 45, 45, 45, 45, 45, 45, 45, 45,
 45, 45, 45, 45, 45, 45, 45, 45, 45, 45, 45, 45, 45, 45, 45, 45, 45, 45, 45, 45,
 45, 45, 45, 45, 45, 45, 45, 45, 45, 45, 45, 45, 45, 45, 45, 45, 10, 10, 32, 32,
 32, 32,102,117,110, 99,116,105,111,110, 32,112,105, 99,107,108,101, 40,116, 41,
 10, 32, 32, 32, 32, 32, 32,114,101,116,117,114,110, 32, 80,105, 99,107,108,101,
 58, 99,108,111,110,101, 40, 41, 58,112,105, 99,107,108,101, 95, 40,116, 41, 10,
 32, 32, 32, 32,101,110,100, 10, 10, 32, 32, 32, 32, 80,105, 99,107,108,101, 32,
 61, 32,123, 10, 32, 32, 32, 32, 32, 32, 99,108,111,110,101, 32, 61, 32,102,117,
110, 99,116,105,111,110, 32, 40,116, 41, 32,108,111, 99, 97,108, 32,110,116, 61,
123,125, 59, 32,102,111,114, 32,105, 44, 32,118, 32,105,110, 32,116, 32,100,111,
 32,110,116, 91,105, 93, 61,118, 32,101,110,100, 32,114,101,116,117,114,110, 32,
110,116, 32,101,110,100, 32, 10, 32, 32, 32, 32,125, 10, 10, 32, 32, 32, 32,102,
117,110, 99,116,105,111,110, 32, 80,105, 99,107,108,101, 58,112,105, 99,107,108,
101, 95, 40,114,111,111,116, 41, 10, 32, 32, 32, 32, 32, 32,105,102, 32,116,121,
112,101, 40,114,111,111,116, 41, 32,126, 61, 32, 34,116, 97, 98,108,101, 34, 32,
116,104,101,110, 32, 10, 32, 32, 32, 32, 32, 32, 32, 32,101,114,114,111,114, 40,
 34, 99, 97,110, 32,111,110,108,121, 32,112,105, 99,107,108,101, 32,116, 97, 98,
108,101,115, 44, 32,110,111,116, 32, 34, 46, 46, 32,116,121,112,101, 40,114,111,
111,116, 41, 46, 46, 34,115, 34, 41, 10, 32, 32, 32, 32, 32, 32,101,110,100, 10,
 32, 32, 32, 32, 32, 32,115,101,108,102, 46, 95,116, 97, 98,108,101, 84,111, 82,
101,102, 32, 61, 32,123,125, 10, 32, 32, 32, 32, 32, 32,115,101,108,102, 46, 95,
114,101,102, 84,111, 84, 97, 98,108,101, 32, 61, 32,123,125, 10, 32, 32, 32, 32,
 32, 32,108,111, 99, 97,108, 32,115, 97,118,101, 99,111,117,110,116, 32, 61, 32,
 48, 10, 32, 32, 32, 32, 32, 32,115,101,108,102, 58,114,101,102, 95, 40,114,111,
111,116, 41, 10, 32, 32, 32, 32, 32, 32,108,111, 99, 97,108, 32,115, 32, 61, 32,
 34, 34, 10, 10, 32, 32, 32, 32, 32, 32,119,104,105,108,101, 32,116, 97, 98,108,
101, 46,103,101,116,110, 40,115,101,108,102, 46, 95,114,101,102, 84,111, 84, 97,
 98,108,101, 41, 32, 62, 32,115, 97,118,101, 99,111,117,110,116, 32,100,111, 10,
 32, 32, 32, 32, 32, 32, 32, 32,115, 97,118,101, 99,111,117,110,116, 32, 61, 32,
115, 97,118,101, 99,111,117,110,116, 32, 43, 32, 49, 10, 32, 32, 32, 32, 32, 32,
 32, 32,108,111, 99, 97,108, 32,116, 32, 61, 32,115,101,108,102, 46, 95,114,101,
102, 84,111, 84, 97, 98,108,101, 91,115, 97,118,101, 99,111,117,110,116, 93, 10,
 32, 32, 32, 32, 32, 32, 32, 32,115, 32, 61, 32,115, 46, 46, 34,123, 92,110, 34,
 10, 32, 32, 32, 32, 32, 32, 32, 32,102,111,114, 32,105, 44, 32,118, 32,105,110,
 32,116, 32,100,111, 10, 32, 32, 32, 32, 32, 32, 32, 32, 32, 32, 32, 32,115, 32,
 61, 32,115,116,114,105,110,103, 46,102,111,114,109, 97,116, 40, 34, 37,115, 91,
 37,115, 93, 61, 37,115, 44, 92,110, 34, 44, 32,115, 44, 32,115,101,108,102, 58,
118, 97,108,117,101, 95, 40,105, 41, 44, 32,115,101,108,102, 58,118, 97,108,117,
101, 95, 40,118, 41, 41, 10, 32, 32, 32, 32, 32, 32, 32, 32,101,110,100, 10, 32,
 32, 32, 32, 32, 32, 32, 32,115, 32, 61, 32,115, 46, 46, 34,125, 44, 92,110, 34,
 10, 32, 32, 32, 32, 32, 32,101,110,100, 10, 10, 32, 32, 32, 32, 32, 32,114,101,
116,117,114,110, 32,115,116,114,105,110,103, 46,102,111,114,109, 97,116, 40, 34,
123, 37,115,125, 34, 44, 32,115, 41, 10, 32, 32, 32, 32,101,110,100, 10, 10, 32,
 32, 32, 32,102,117,110, 99,116,105,111,110, 32, 80,105, 99,107,108,101, 58,118,
 97,108,117,101, 95, 40,118, 41, 10, 32, 32, 32, 32, 32, 32,108,111, 99, 97,108,
 32,118,116,121,112,101, 32, 61, 32,116,121,112,101, 40,118, 41, 10, 32, 32, 32,
 32, 32, 32,105,102, 32, 32, 32, 32, 32,118,116,121,112,101, 32, 61, 61, 32, 34,
115,116,114,105,110,103, 34, 32,116,104,101,110, 32,114,101,116,117,114,110, 32,
115,116,114,105,110,103, 46,102,111,114,109, 97,116, 40, 34, 37,113, 34, 44, 32,
118, 41, 10, 32, 32, 32, 32, 32, 32,101,108,115,101,105,102, 32,118,116,121,112,
101, 32, 61, 61, 32, 34,110,117,109, 98,101,114, 34, 32,116,104,101,110, 32,114,
101,116,117,114,110, 32,118, 10, 32, 32, 32, 32, 32, 32,101,108,115,101,105,102,
 32,118,116,121,112,101, 32, 61, 61, 32, 34,116, 97, 98,108,101, 34, 32,116,104,
101,110, 32,114,101,116,117,114,110, 32, 34,123, 34, 46, 46,115,101,108,102, 58,
114,101,102, 95, 40,118, 41, 46, 46, 34,125, 34, 10, 32, 32, 32, 32, 32, 32,101,
108,115,101, 32, 45, 45,101,114,114,111,114, 40, 34,112,105, 99,107,108,101, 32,
 97, 32, 34, 46, 46,116,121,112,101, 40,118, 41, 46, 46, 34, 32,105,115, 32,110,
111,116, 32,115,117,112,112,111,114,116,101,100, 34, 41, 10, 32, 32, 32, 32, 32,
 32,101,110,100, 32, 32, 10, 32, 32, 32, 32,101,110,100, 10, 10, 32, 32, 32, 32,
102,117,110, 99,116,105,111,110, 32, 80,105, 99,107,108,101, 58,114,101,102, 95,
 40,116, 41, 10, 32, 32, 32, 32, 32, 32,108,111, 99, 97,108, 32,114,101,102, 32,
 61, 32,115,101,108,102, 46, 95,116, 97, 98,108,101, 84,111, 82,101,102, 91,116,
 93, 10, 32, 32, 32, 32, 32, 32,105,102, 32,110,111,116, 32,114,101,102, 32,116,
104,101,110, 32, 10, 32, 32, 32, 32, 32, 32, 32, 32,105,102, 32,116, 32, 61, 61,
 32,115,101,108,102, 32,116,104,101,110, 32,101,114,114,111,114, 40, 34, 99, 97,
110, 39,116, 32,112,105, 99,107,108,101, 32,116,104,101, 32,112,105, 99,107,108,
101, 32, 99,108, 97,115,115, 34, 41, 32,101,110,100, 10, 32, 32, 32, 32, 32, 32,
 32, 32,116, 97, 98,108,101, 46,105,110,115,101,114,116, 40,115,101,108,102, 46,
 95,114,101,102, 84,111, 84, 97, 98,108,101, 44, 32,116, 41, 10, 32, 32, 32, 32,
 32, 32, 32, 32,114,101,102, 32, 61, 32,116, 97, 98,108,101, 46,103,101,116,110,
 40,115,101,108,102, 46, 95,114,101,102, 84,111, 84, 97, 98,108,101, 41, 10, 32,
 32, 32, 32, 32, 32, 32, 32,115,101,108,102, 46, 95,116, 97, 98,108,101, 84,111,
 82,101,102, 91,116, 93, 32, 61, 32,114,101,102, 10, 32, 32, 32, 32, 32, 32,101,
110,100, 10, 32, 32, 32, 32, 32, 32,114,101,116,117,114,110, 32,114,101,102, 10,
 32, 32, 32, 32,101,110,100, 10, 10, 32, 45, 45, 45, 45, 45, 45, 45, 45, 45, 45,
 45, 45, 45, 45, 45, 45, 45, 45, 45, 45, 45, 45, 45, 45, 45, 45, 45, 45, 45, 45,
 45, 45, 45, 45, 45, 45, 45, 45, 45, 45, 45, 45, 45, 45, 45, 45, 10, 32, 45, 45,
 32,117,110,112,105, 99,107,108,101, 10, 32, 45, 45, 45, 45, 45, 45, 45, 45, 45,
 45, 45, 45, 45, 45, 45, 45, 45, 45, 45, 45, 45, 45, 45, 45, 45, 45, 45, 45, 45,
 45, 45, 45, 45, 45, 45, 45, 45, 45, 45, 45, 45, 45, 45, 45, 45, 45, 10, 10,102,
117,110, 99,116,105,111,110, 32,117,110,112,105, 99,107,108,101, 40,115, 41, 10,
 32, 32, 32, 32, 32, 32,105,102, 32,116,121,112,101, 40,115, 41, 32,126, 61, 32,
 34,115,116,114,105,110,103, 34, 32,116,104,101,110, 10, 32, 32, 32, 32, 32, 32,
 32, 32,101,114,114,111,114, 40, 34, 99, 97,110, 39,116, 32,117,110,112,105, 99,
107,108,101, 32, 97, 32, 34, 46, 46,116,121,112,101, 40,115, 41, 46, 46, 34, 44,
 32,111,110,108,121, 32,115,116,114,105,110,103,115, 34, 41, 10, 32, 32, 32, 32,
 32, 32,101,110,100, 10, 32, 32, 32, 32, 32, 32,108,111, 99, 97,108, 32,103,101,
110,116, 97, 98,108,101,115, 32, 61, 32,108,111, 97,100,115,116,114,105,110,103,
 40, 34,114,101,116,117,114,110, 32, 34, 46, 46,115, 41, 10, 32, 32, 32, 32, 32,
 32,108,111, 99, 97,108, 32,116, 97, 98,108,101,115, 32, 61, 32,103,101,110,116,
 97, 98,108,101,115, 40, 41, 10, 32, 32, 32, 32, 32, 32, 10, 32, 32, 32, 32, 32,
 32,102,111,114, 32,116,110,117,109, 32, 61, 32, 49, 44, 32,116, 97, 98,108,101,
 46,103,101,116,110, 40,116, 97, 98,108,101,115, 41, 32,100,111, 10, 32, 32, 32,
 32, 32, 32, 32, 32,108,111, 99, 97,108, 32,116, 32, 61, 32,116, 97, 98,108,101,
115, 91,116,110,117,109, 93, 10, 32, 32, 32, 32, 32, 32, 32, 32,108,111, 99, 97,
108, 32,116, 99,111,112,121, 32, 61, 32,123,125, 59, 32,102,111,114, 32,105, 44,
 32,118, 32,105,110, 32,116, 32,100,111, 32,116, 99,111,112,121, 91,105, 93, 32,
 61, 32,118, 32,101,110,100, 10, 32, 32, 32, 32, 32, 32, 32, 32,102,111,114, 32,
105, 44, 32,118, 32,105,110, 32,116, 99,111,112,121, 32,100,111, 10, 32, 32, 32,
 32, 32, 32, 32, 32, 32, 32,108,111, 99, 97,108, 32,110,105, 44, 32,110,118, 10,
 32, 32, 32, 32, 32, 32, 32, 32, 32, 32,105,102, 32,116,121,112,101, 40,105, 41,
 32, 61, 61, 32, 34,116, 97, 98,108,101, 34, 32,116,104,101,110, 32,110,105, 32,
 61, 32,116, 97, 98,108,101,115, 91,105, 91, 49, 93, 93, 32,101,108,115,101, 32,
110,105, 32, 61, 32,105, 32,101,110,100, 10, 32, 32, 32, 32, 32, 32, 32, 32, 32,
 32,105,102, 32,116,121,112,101, 40,118, 41, 32, 61, 61, 32, 34,116, 97, 98,108,
101, 34, 32,116,104,101,110, 32,110,118, 32, 61, 32,116, 97, 98,108,101,115, 91,
118, 91, 49, 93, 93, 32,101,108,115,101, 32,110,118, 32, 61, 32,118, 32,101,110,
100, 10, 32, 32, 32, 32, 32, 32, 32, 32, 32, 32,116, 91,110,105, 93, 32, 61, 32,
110,118, 10, 32, 32, 32, 32, 32, 32, 32, 32,101,110,100, 10, 32, 32, 32, 32, 32,
 32,101,110,100, 10, 32, 32, 32, 32, 32, 32,114,101,116,117,114,110, 32,116, 97,
 98,108,101,115, 91, 49, 93, 10,101,110,100, 10, 10, 32, 10,
};

 lua_dobuffer(L,(const char*)B8,sizeof(B8),"table_support.lua");
/* csv.lua */
static const unsigned char B9[]={
 45, 45, 45, 10, 45, 45, 45, 10, 45, 45, 45, 32, 70,105,108,101, 32, 99,118,115,
 46,108,117, 97, 10, 45, 45, 45, 32, 80,114,111,118,105,100,101,115, 32,114,111,
117,116,105,110,101,115, 32,116,111, 32, 99,111,110,118,101,114,116, 32, 99,118,
115, 32,116,111, 32,108,117, 97, 32,116, 97, 98,108,101,115, 32, 97,110,100, 32,
108,117, 97, 32,116, 97, 98,108,101,115, 32,116,111, 32, 99,118,115, 10, 45, 45,
 45, 10, 45, 45, 45, 10, 45, 45, 45, 10, 10, 99,118,115, 32, 61, 32,123,125, 10,
 10, 10,102,117,110, 99,116,105,111,110, 32, 99,118,115, 46,100,101,115, 99,114,
105,112,116,105,111,110, 40, 41, 10, 32, 32,114,101,116,117,114,110, 32, 34, 99,
118,115, 32,112,114,111, 99,101,115,115,105,110,103, 32,102, 97, 99,105,108,105,
116,105,101,115, 34, 10,101,110,100, 10, 10,102,117,110, 99,116,105,111,110, 32,
 99,118,115, 46,104,101,108,112, 40, 41, 10, 32, 32, 32,112,114,105,110,116, 40,
 34, 99,118,115, 32,109,101,116,104,111,100,115, 34, 41, 10, 32, 32, 32,112,114,
105,110,116, 40, 34, 46,116,111, 67,118,115, 40, 32,116, 97, 98,108,101, 69,108,
101,109,101,110,116, 44, 32,115,101,112, 97,114, 97,116,111,114, 44, 91, 32,102,
105,101,108,100, 78, 97,109,101,115, 32, 93, 32, 41, 32, 45, 45, 32,114,101,116,
117,114,110, 32,115,116,114,105,110,103, 32,111,102, 32, 99,118,115, 32, 69,108,
101,109,101,110,116, 34, 41, 10, 32, 32, 32,112,114,105,110,116, 40, 34, 46,116,
111, 84, 97, 98,108,101, 40,115,116,114,105,110,103, 44, 32,115,101,112, 97,114,
 97,116,111,114, 44, 32, 91,102,105,101,108,100, 78, 97,109,101,115, 93, 32, 41,
 32, 45, 45, 32,114,101,116,117,114,110, 32,116, 97, 98,108,101, 32, 34, 41, 10,
 32, 32, 32,112,114,105,110,116, 40, 34, 46,104,101,108,112, 40, 41, 32, 32, 45,
 45, 32,112,114,105,110,116,115, 32,111,117,116, 32,112, 97, 99,107, 97,103,101,
 32, 99,111,109,109, 97,110,100,115, 34, 41, 10,101,110,100, 10, 10, 10,102,117,
110, 99,116,105,111,110, 32, 99,118,115, 46,116,111, 67,118,115, 40, 32,116, 97,
 98,108,101, 69,108,101,109,101,110,116, 44,115,101,112, 97,114,116,111,114, 44,
 32,102,105,101,108,100, 78, 97,109,101,115, 32, 41, 32, 10, 32, 32,108,111, 99,
 97,108, 32,114,101,116,117,114,110, 86, 97,108,117,101, 10, 32, 32,108,111, 99,
 97,108, 32,116,101,109,112, 10, 10, 32, 32,114,101,116,117,114,110, 86, 97,108,
117,101, 32, 61, 32, 34, 34, 10, 32, 32,105,102, 32,102,105,101,108,100, 78, 97,
109,101,115, 32, 61, 61, 32,110,105,108, 32,116,104,101,110, 32,116,101,109,112,
 32, 61, 32,116, 97, 98,108,101, 69,108,109,101,110,116, 32,101,108,115,101, 32,
116,101,109,112, 32, 61, 32,102,105,101,108,100, 78, 97,109,101,115, 32,101,110,
100, 10, 32, 32,102,111,114, 32,105, 44,106, 32,105,110, 32,105,112, 97,105,114,
115, 40, 32,116,101,109,112, 32, 41, 32,100,111, 10, 32, 32, 32, 32,105,102, 32,
114,101,116,117,114,110, 86, 97,108,117,101, 32, 61, 61, 32, 34, 34, 32,116,104,
101,110, 10, 32, 32, 32, 32, 32,114,101,116,117,114,110, 86, 97,108,117,101, 32,
 61, 32,114,101,116,117,114,110, 86, 97,108,117,101, 32, 46, 46, 32,116, 97, 98,
108,101, 69,108,101,109,101,110,116, 91,105, 93, 10, 32, 32, 32, 32,101,108,115,
101, 10, 32, 32, 32, 32, 32,114,101,116,117,114,110, 86, 97,108,117,101, 32, 61,
 32,114,101,116,117,114,110, 86, 97,108,117,101, 32, 46, 46, 32,115,101,112, 97,
114, 97,116,111,114, 46, 46,116, 97, 98,108,101, 69,108,101,109,101,110,116, 91,
105, 93, 10, 32, 32, 32, 32,101,110,100, 10, 32, 32,101,110,100, 10, 32, 32,114,
101,116,117,114,110, 32,114,101,116,117,114,110, 86, 97,108,117,101, 10,101,110,
100, 10, 10,102,117,110, 99,116,105,111,110, 32, 99,118,115, 46,116,111, 84, 97,
 98,108,101, 40, 32,105,110,112,117,116, 83,116,114,105,110,103, 44, 32,115,101,
112, 97,114, 97,116,111,114, 44, 32,102,105,101,108,100, 78, 97,109,101,115, 32,
 41, 10, 32, 32,108,111, 99, 97,108, 32,114,101,116,117,114,110, 86, 97,108,117,
101, 10, 32, 32,108,111, 99, 97,108, 32,116,101,109,112, 10, 10, 32, 32,114,101,
116,117,114,110, 86, 97,108,117,101, 32, 61, 32,123,125, 10, 32, 32,116,101,109,
112, 32, 61, 32,115,116,114,105,110,103, 46,115,112,108,105,116, 40,105,110,112,
117,116, 83,116,114,105,110,103, 44,115,101,112, 97,114, 97,116,111,114, 41, 10,
 32, 32,105,102, 32,102,105,101,108,100, 78, 97,109,101,115, 32, 61, 61, 32,110,
105,108, 32,116,104,101,110, 10, 32, 32, 32,114,101,116,117,114,110, 86, 97,108,
117,101, 32, 61, 32,116,101,109,112, 10, 32, 32,101,108,115,101, 10, 32, 32, 32,
102,111,114, 32,105, 44,106, 32,105,110, 32,105,112, 97,105,114,115, 40, 32,102,
105,101,108,100, 78, 97,109,101,115, 41, 32,100,111, 10, 32, 32, 32, 32, 32,114,
101,116,117,114,110, 86, 97,108,117,101, 91,106, 93, 32, 61, 32,116,101,109,112,
 91,105, 93, 10, 32, 32, 32,101,110,100, 10, 32, 32,101,110,100, 10, 32, 32,114,
101,116,117,114,110, 32,114,101,116,117,114,110, 86, 97,108,117,101, 10,101,110,
100, 10, 32, 32, 32, 10, 10,
};

 lua_dobuffer(L,(const char*)B9,sizeof(B9),"csv.lua");
/* shellSupport/command_shell.lua */
static const unsigned char B10[]={
 45, 45, 45, 10, 45, 45, 45, 32, 70,105,108,101, 58, 32, 99,111,109,109, 97,110,
100, 95,115,104,101,108,108, 46,108,117, 97, 10, 45, 45, 45, 10, 45, 45, 45, 10,
 45, 45, 45, 10, 10, 10, 10, 10, 99,111,109,109, 97,110,100, 95,115,104,101,108,
108, 32, 61, 32,123,125, 10, 99,111,109,109, 97,110,100, 95,115,104,101,108,108,
 46, 99,111,109,109, 97,110,100,115, 32, 61, 32,123,125, 10, 10, 10, 99,111,109,
109, 97,110,100, 95,115,104,101,108,108, 46,119,111,114,107,105,110,103, 95,108,
105,110,101, 32, 61, 32, 34, 34, 10, 10, 10,102,117,110, 99,116,105,111,110, 32,
 99,111,109,109, 97,110,100, 95,115,104,101,108,108, 46, 97,100,100, 67,111,109,
109, 97,110,100, 40, 32,110, 97,109,101, 44, 32,104,101,108,112, 44, 32,100,101,
116, 97,105,108,101,100, 95,104,101,108,112, 44, 32, 99,111,109,109, 97,110,100,
 32, 41, 10, 32, 32, 32,108,111, 99, 97,108, 32,116,101,109,112, 10, 32, 32, 32,
116,101,109,112, 32, 61, 32,123,125, 10, 32, 32, 32,116,101,109,112, 46,110, 97,
109,101, 32, 61, 32,110, 97,109,101, 10, 32, 32, 32,116,101,109,112, 46,104,101,
108,112, 32, 61, 32,104,101,108,112, 10, 32, 32, 32,116,101,109,112, 46,100,101,
116, 97,105,108,101,100, 95,104,101,108,112, 32, 61, 32,100,101,116, 97,105,108,
101,100, 95,104,101,108,112, 10, 32, 32, 32,116,101,109,112, 46, 99,111,109,109,
 97,110,100, 32, 61, 32, 99,111,109,109, 97,110,100, 10, 32, 32, 32, 99,111,109,
109, 97,110,100, 95,115,104,101,108,108, 46, 99,111,109,109, 97,110,100,115, 91,
 32,110, 97,109,101, 32, 93, 32, 61, 32,116,101,109,112, 10,101,110,100, 10, 10,
 10,102,117,110, 99,116,105,111,110, 32, 99,111,109,109, 97,110,100, 95,115,104,
101,108,108, 46,101,120,101, 99, 40, 32,105,110,112,117,116, 83,116,114,105,110,
103, 32, 41, 10, 32, 32,108,111, 99, 97,108, 32,116,101,109,112, 10, 32, 32,108,
111, 99, 97,108, 32, 99,111,109,109, 97,110,100, 10, 32, 32,108,111, 99, 97,108,
 32,102,105,101,108,100,115, 10, 10, 32, 32,105,110,112,117,116, 83,116,114,105,
110,103, 32, 61, 32,116,111,115,116,114,105,110,103, 40, 32,105,110,112,117,116,
 83,116,114,105,110,103, 32, 41, 10, 32, 32,105,110,112,117,116, 83,116,114,105,
110,103, 32, 61, 32,115,116,114,105,110,103, 46,116,114,105,109, 40, 32,105,110,
112,117,116, 83,116,114,105,110,103, 41, 10, 32, 32,105,110,112,117,116, 83,116,
114,105,110,103, 32, 61, 32, 99,111,109,109, 97,110,100, 83,104,101,108,108, 46,
101,120,112, 97,110,100, 83,116,114,105,110,103, 40, 32,105,110,112,117,116, 83,
116,114,105,110,103, 32, 41, 10, 32, 32,102,105,101,108,100,115, 32, 61, 32,115,
116,114,105,110,103, 46,115,112,108,105,116, 40, 32,105,110,112,117,116, 83,116,
114,105,110,103, 44, 32, 34, 32, 34, 32, 41, 10, 32, 32, 99,111,109,109, 97,110,
100, 32, 61, 32,102,105,101,108,100,115, 91, 49, 93, 10, 10, 32, 32,116, 97, 98,
108,101, 46,114,101,109,111,118,101, 40,102,105,101,108,100,115, 44, 49, 41, 32,
 32, 45, 45, 32,114,101,109,111,118,105,110,103, 32, 99,111,109,109, 97,110,100,
 32,102,105,101,108,100, 10, 10, 32, 32,105,102, 32, 99,111,109,109, 97,110,100,
 95,115,104,101,108,108, 46, 99,111,109,109, 97,110,100,115, 91, 32, 99,111,109,
109, 97,110,100, 32, 93, 32, 61, 61, 32,110,105,108, 32,116,104,101,110, 10, 32,
 32, 32, 32,112,114,105,110,116,102, 40, 34, 99,111,109,109, 97,110,100, 32, 37,
115, 32,105,115, 32,110,111,116, 32,114,101, 99,111,103,110,105,122,101,100, 34,
 44, 32, 99,111,109,109, 97,110,100, 32, 41, 10, 32, 32,101,108,115,101, 10, 32,
 32, 32, 32,116,101,109,112, 32, 61, 32, 99,111,109,109, 97,110,100, 95,115,104,
101,108,108, 46, 99,111,109,109, 97,110,100,115, 91, 32, 99,111,109,109, 97,110,
100, 32, 93, 46, 99,111,109,109, 97,110,100, 10, 32, 32, 32, 32,116,101,109,112,
 40, 32,102,105,101,108,100,115, 32, 41, 10, 32, 32,101,110,100, 10,101,110,100,
 10, 10, 10,102,117,110, 99,116,105,111,110, 32, 99,111,109,109, 97,110,100, 95,
115,104,101,108,108, 46,104,101,108,112, 40, 32,102,105,101,108,100,115, 32, 41,
 10, 32, 32,105,102, 32,102,105,101,108,100,115, 91, 49, 93, 32, 61, 61, 32, 34,
 34, 32,116,104,101,110, 10, 32, 32, 32, 32,112,114,105,110,116, 40, 34,108,105,
115,116, 32,111,102, 32, 99,111,109,109, 97,110,100,115, 34, 41, 10, 32, 32, 32,
 32,102,111,114, 32,105, 44,106, 32,105,110, 32,112, 97,105,114,115, 40, 32, 99,
111,109,109, 97,110,100, 95,115,104,101,108,108, 46, 99,111,109,109, 97,110,100,
115, 32, 41, 32,100,111, 10, 32, 32, 32, 32, 32, 32,112,114,105,110,116,102, 40,
 34, 32, 32, 32, 37,115, 32, 92,116, 32, 37,115, 34, 44, 32,105, 32, 44,106, 46,
104,101,108,112, 32, 41, 10, 32, 32, 32, 32,101,110,100, 10, 32, 32,101,108,115,
101,105,102, 32, 99,111,109,109, 97,110,100, 95,115,104,101,108,108, 46, 99,111,
109,109, 97,110,100,115, 91,102,105,101,108,100,115, 91, 49, 93, 32, 93, 32,126,
 61, 32,110,105,108, 32,116,104,101,110, 10, 32, 32, 32, 32, 32,112,114,105,110,
116, 40, 41, 10, 32, 32, 32, 32, 32,112,114,105,110,116,102, 40, 34, 99,111,109,
109, 97,110,100, 32, 37,115, 32, 34, 44, 32,102,105,101,108,100,115, 91, 49, 93,
 32, 32, 41, 10, 32, 32, 32, 32, 32,112,114,105,110,116, 40, 32, 99,111,109,109,
 97,110,100, 95,115,104,101,108,108, 46, 99,111,109,109, 97,110,100,115, 91, 32,
102,105,101,108,100,115, 91, 49, 93, 32, 93, 46,100,101,116, 97,105,108,101,100,
 95,104,101,108,112, 41, 10, 32, 32, 32, 32, 32,112,114,105,110,116, 40, 41, 10,
 32, 32,101,108,115,101, 10, 32, 32, 32, 32, 32,112,114,105,110,116,102, 40, 34,
104,101,108,112, 32,102,111,114, 32, 37,115, 32, 45, 45, 62, 32, 99,111,109,109,
 97,110,100, 32,110,111,116, 32,114,101, 99,111,103,110,105,122,101,100, 34, 44,
 10, 32, 32, 32, 32, 32, 32, 32, 32, 32, 32, 32, 32, 32, 99,111,109,109, 97,110,
100, 95,115,104,101,108,108, 46, 99,111,109,109, 97,110,100,115, 91, 32,102,105,
101,108,100,115, 91, 49, 93, 32, 93, 32, 41, 10, 32, 32,101,110,100, 10,101,110,
100, 10, 10,102,117,110, 99,116,105,111,110, 32, 99,111,109,109, 97,110,100, 95,
115,104,101,108,108, 46,113,117,105,116, 40, 32,102,105,101,108,100,115, 32, 41,
 10, 32, 32,112,114,105,110,116, 40, 34,116,101,114,109,105,110, 97,116,105,110,
103, 32, 46, 46, 46, 46, 46, 34, 41, 10, 32, 32,111,115, 46,101,120,105,116, 40,
 41, 10,101,110,100, 10, 10,102,117,110, 99,116,105,111,110, 32, 99,111,109,109,
 97,110,100, 95,115,104,101,108,108, 46,116,111, 95,108,117, 97, 40, 32,102,105,
101,108,100,115, 32, 41, 10, 32, 32,116,101,114,109,105,110, 97,108, 46,116,111,
 95,108,117, 97, 40, 41, 10,101,110,100, 10, 10,102,117,110, 99,116,105,111,110,
 32, 99,111,109,109, 97,110,100, 95,115,104,101,108,108, 46,105,110, 99,108,117,
100,101, 40, 32,102,105,101,108,100,115, 32, 41, 10, 32, 32, 32,115,104,101,108,
108, 46,101,120,101, 99,117,116,101, 70,105,108,101, 40, 32,102,105,101,108,100,
115, 91, 48, 93, 32, 41, 10,101,110,100, 10, 10,102,117,110, 99,116,105,111,110,
 32, 99,111,109,109, 97,110,100, 95,115,104,101,108,108, 46,100,101,115, 99,114,
105,112,116,105,111,110, 40, 41, 10, 32, 32,114,101,116,117,114,110, 32, 34, 99,
111,109,109, 97,110,100, 32,115,104,101,108,108, 32,105,110,116,101,114,112,114,
101,116,101,114, 34, 10,101,110,100, 10, 10, 10,108,111, 99, 97,108, 32,100,101,
116, 97,105,108,101,100, 95,104,101,108,112, 10, 10,100,101,116, 97,105,108,101,
100, 95,104,101,108,112, 32, 61, 32, 10, 91, 91, 10, 32, 32, 32,104,101,108,112,
 32, 32, 32, 45, 45, 45, 32,100,105,115,112,108, 97,121,115, 32, 99,111,109,109,
 97,110,100,115, 32, 97,110,100, 32, 97, 32,115,104,111,114,116, 32,100,101,115,
 99,114,105,112,116,105,111,110, 10, 32, 32, 32,104,101,108,112, 32, 32, 34, 99,
111,109,109, 97,110,100, 34, 32, 45, 45, 45, 32,100,105,115,112,108, 97,121,115,
 32, 97, 32,100,101,115, 99,114,105,112,116,105,111,110, 32,111,102, 32,116,104,
101, 32, 99,111,109,109, 97,110,100, 10, 93, 93, 10, 10,116,101,109,112,108, 97,
116,101, 95,104,101,108,112, 32, 61, 10, 91, 91, 10, 32, 32, 32,116,101,109,112,
108, 97,116,101, 32,102,105,108,108,101, 95,110, 97,109,101, 32,111,112,116,105,
111,110, 97,108, 32,112, 97,114, 97,109,101,116,101,114,115, 10, 10, 65, 32,116,
101,109,112,108, 97,116,101, 32,102,105,108,101, 32,105,115, 32,116,114,101, 97,
116,101,100, 32, 97,115, 32,116,101,120,116, 32,101,120, 99,101,112,116, 32,102,
111,114, 32,109, 97,114,107,101,114,115, 32,105,110, 32,116,104,101, 32,116,101,
120,116, 32,119,104,101,114,101, 32,108,117, 97, 32,116,101,120,116, 32,105,115,
 32,105,110,115,101,114,116,101,100, 10, 10, 60, 63,108,117, 97, 32, 99,104,117,
110,107, 32, 63, 62, 32, 10, 80,114,111, 99,101,115,115,101,115, 32, 97,110,100,
 32,109,101,114,103,101,115, 32,116,104,101, 32, 76,117, 97, 32, 99,104,117,110,
107, 32,101,120,101, 99,117,116,105,111,110, 32,114,101,115,117,108,116,115, 32,
119,104,101,114,101, 32,116,104,101, 32,109, 97,114,107,117,112, 32,105,115, 32,
108,111, 99, 97,116,101,100, 32,105,110, 32,116,104,101, 32,116,101,109,112,108,
 97,116,101, 46, 32, 84,104,101, 32, 97,108,116,101,114,110, 97,116,105,118,101,
 32,102,111,114,109, 32, 60, 37, 32, 99,104,117,110,107, 32, 37, 62, 32, 99, 97,
110, 32, 97,108,115,111, 32, 98,101, 32,117,115,101,100, 46, 32, 10, 60, 63,108,
117, 97, 61, 32,101,120,112,114,101,115,115,105,111,110, 32, 63, 62, 32, 10, 80,
114,111, 99,101,115,115,101,115, 32, 97,110,100, 32,109,101,114,103,101,115, 32,
116,104,101, 32, 76,117, 97, 32,101,120,112,114,101,115,115,105,111,110, 32,101,
118, 97,108,117, 97,116,105,111,110, 32,119,104,101,114,101, 32,116,104,101, 32,
109, 97,114,107,117,112, 32,105,115, 32,108,111, 99, 97,116,101,100, 32,105,110,
 32,116,104,101, 32,116,101,109,112,108, 97,116,101, 46, 32, 84,104,101, 32, 97,
108,116,101,114,110, 97,116,105,118,101, 32,102,111,114,109, 32, 60, 37, 61, 32,
101,120,112,114,101,115,115,105,111,110, 32, 37, 62, 32, 99, 97,110, 32, 97,108,
115,111, 32, 98,101, 32,117,115,101,100, 46, 10, 10, 10, 10, 93, 93, 10, 10, 10,
 99,111,109,109, 97,110,100, 95,115,104,101,108,108, 46, 97,100,100, 67,111,109,
109, 97,110,100, 40, 32, 34,104,101,108,112, 34, 44, 34,112,114,111,118,105,100,
101,115, 32,104,101,108,112, 32,105,110,102,111,114,109, 97,116,105,111,110, 34,
 44,100,101,116, 97,105,108,101,100, 95,104,101,108,112, 44, 99,111,109,109, 97,
110,100, 95,115,104,101,108,108, 46,104,101,108,112, 32, 41, 10, 99,111,109,109,
 97,110,100, 95,115,104,101,108,108, 46, 97,100,100, 67,111,109,109, 97,110,100,
 40, 32, 34,113,117,105,116, 34, 44, 34,116,101,114,109,105,110, 97,116,101,115,
 32,112,114,111,103,114, 97,109, 34, 44, 34,116,101,114,109,105,110, 97,116,101,
115, 32,112,114,111,103,114, 97,109, 34, 44, 99,111,109,109, 97,110,100, 95,115,
104,101,108,108, 46,113,117,105,116, 32, 41, 10, 99,111,109,109, 97,110,100, 95,
115,104,101,108,108, 46, 97,100,100, 67,111,109,109, 97,110,100, 40, 32, 34,101,
120,105,116, 34, 44, 34,116,101,114,109,105,110, 97,116,101,115, 32,112,114,111,
103,114, 97,109, 34, 44, 34,116,101,114,109,105,110, 97,116,101,115, 32,112,114,
111,103,114, 97,109, 34, 44, 32, 99,111,109,109, 97,110,100, 95,115,104,101,108,
108, 46,113,117,105,116, 41, 10, 99,111,109,109, 97,110,100, 95,115,104,101,108,
108, 46, 97,100,100, 67,111,109,109, 97,110,100, 40, 32, 34,116,111, 95,108,117,
 97, 34, 44, 34,114,101,116,117,114,110,115, 32,116,111, 32,108,117, 97, 32,105,
110,116,101,114,112,114,101,116,101,114, 34, 44, 34,114,101,116,117,114,110,115,
 32,116,111, 32,108,117, 97, 32,105,110,116,101,114,112,114,101,116,101,114, 34,
 44, 99,111,109,109, 97,110,100, 95,115,104,101,108,108, 46,116,111, 95,108,117,
 97, 41, 10, 10, 99,111,109,109, 97,110,100, 95,115,104,101,108,108, 46, 97,100,
100, 67,111,109,109, 97,110,100, 40, 34,105,110, 99,108,117,100,101, 34, 44, 10,
 32, 32, 32, 32, 32, 32, 32, 32, 32, 32, 32, 32, 32, 32, 32, 32, 32, 32, 32, 32,
 32, 32, 32, 32, 34,105,110, 99,108,117,100,101, 32,102,105,108,101,110, 97,109,
101, 32,112,114,111, 99,101,115,115,101,115, 32, 99,111,109,109, 97,110,100, 32,
105,110, 32,102,105,108,101, 34, 44, 10, 32, 32, 32, 32, 32, 32, 32, 32, 32, 32,
 32, 32, 32, 32, 32, 32, 32, 32, 32, 32, 32, 32, 32, 32, 34,105,110, 99,108,117,
100,101, 32,102,105,108,101,110, 97,109,101, 32,112,114,111, 99,101,115,115,101,
115, 32, 99,111,109,109, 97,110,100, 32,105,110, 32,102,105,108,101, 34, 44, 10,
 32, 32, 32, 32, 32, 32, 32, 32, 32, 32, 32, 32, 32, 32, 32, 32, 32, 32, 32, 32,
 32, 32, 32, 32, 99,111,109,109, 97,110,100, 95,115,104,101,108,108, 46,105,110,
 99,108,117,100,101, 32, 41, 10, 10, 99,111,109,109, 97,110,100, 95,115,104,101,
108,108, 46, 97,100,100, 67,111,109,109, 97,110,100, 40, 34,116,101,109,112,108,
 97,116,101, 34, 44, 10, 32, 32, 32, 32, 32, 32, 32, 32, 32, 32, 32, 32, 32, 32,
 32, 32, 32, 32, 32, 32, 32, 32, 32, 32, 32, 34,116,101,109,112,108, 97,116,101,
 32,102,105,108,101,110, 97,109,101, 32,112, 97,114, 97,109,101,116,101,114,115,
 32, 46, 46, 46, 32, 34, 44, 10, 32, 32, 32, 32, 32, 32, 32, 32, 32, 32, 32, 32,
 32, 32, 32, 32, 32, 32, 32, 32, 32, 32, 32, 32, 32,116,101,109,112,108, 97,116,
101, 95,104,101,108,112, 44, 10, 32, 32, 32, 32, 32, 32, 32, 32, 32, 32, 32, 32,
 32, 32, 32, 32, 32, 32, 32, 32, 32, 32, 32, 32, 32, 99,111,109,109, 97,110,100,
 95,115,104,101,108,108, 46,116,101,109,112,108, 97,116,101, 41, 10, 10, 10, 45,
 45, 10, 45, 45, 10, 45, 45, 10, 45, 45, 32,110,111,110, 32,103,108,111, 98, 97,
108, 32,115,117,112,112,111,114,116, 32,102,117,110, 99,116,105,111,110,115, 10,
 45, 45, 10, 45, 45, 10, 10,102,117,110, 99,116,105,111,110, 32, 99,111,109,109,
 97,110,100, 95,115,104,101,108,108, 46,101,120,112, 97,110,100, 83,116,114,105,
110,103, 40, 32,115,116,114,105,110,103, 32, 41, 10, 10,116,101,109,112, 70,117,
110, 99,116,105,111,110, 32, 61, 32,108,112, 46, 99,111,109,112,105,108,101, 40,
116,101,109,112, 83,116,114,105,110,103, 41, 10, 32, 10, 32,116,101,109,112, 70,
117,110, 99,116,105,111,110, 40, 41, 10, 10, 32,116,101,109,112, 83,116,114,105,
110,103, 32, 61,110,105,108, 10, 32,116,101,109,112, 70,117,110, 99,116,105,111,
110, 32, 61, 32,110,105,108, 10,101,110,100,
};

 lua_dobuffer(L,(const char*)B10,sizeof(B10),"shellSupport/command_shell.lua");
}
