/* code automatically generated by bin2c -- DO NOT EDIT */
{
/* #include'ing this file in a C program is equivalent to calling
  lua_dofile(L,"luaScripts/cJSON.lua");
  lua_dofile(L,"luaScripts/json.lua");
*/
/* luaScripts/cJSON.lua */
static const unsigned char B1[]={
 45, 45, 45, 10, 45, 45, 45, 32, 70,105,108,101, 58, 32, 99, 74, 83, 79, 78, 46,
108,117, 97, 10, 45, 45, 45, 32, 99, 74, 83, 79, 78, 32, 97,100,100, 32,111,110,
 32,117,115,105,110,103, 32, 97, 32,108,117, 97, 32, 83, 99,114,105,112,116, 10,
 45, 45, 45, 10, 45, 45, 45, 10, 10,102,117,110, 99,116,105,111,110, 32, 99, 74,
 83, 79, 78, 46,110,101,115,116,101,100, 70,105,101,108,100,115, 40, 32,114,101,
102, 79, 98,106, 44, 32,102,105,101,108,100,115, 32, 41, 10, 32, 32,108,111, 99,
 97,108, 32,116,101,109,112, 44,116,101,109,112, 49, 10, 32, 32,116,101,109,112,
 49, 32, 61, 32,114,101,102, 79, 98,106, 10, 32, 32,102,111,114, 32,105, 44,106,
 32,105,110, 32,105,112, 97,105,114,115, 40, 32,102,105,101,108,100,115, 41, 32,
100,111, 10, 32, 32, 32, 32, 32,116,101,109,112, 32, 61, 32, 99, 74, 83, 79, 78,
 46,103,101,116, 79, 98,106,101, 99,116, 40, 32,116,101,109,112, 49, 44, 32,106,
 32, 41, 10, 32, 32, 32, 32, 32,105,102, 32,116,101,109,112, 32, 61, 61, 32,110,
105,108, 32,116,104,101,110, 32,114,101,116,117,114,110, 32,110,105,108, 32,101,
110,100, 10, 32, 32, 32, 32, 32,116,101,109,112, 49, 32, 61, 32,116,101,109,112,
 10, 32, 32,101,110,100, 10, 32, 32,114,101,116,117,114,110, 32,116,101,109,112,
 10,101,110,100, 10, 10,102,117,110, 99,116,105,111,110, 32, 99, 74, 83, 79, 78,
 46, 97,112,112,101,110,100, 65,114,114, 97,121, 40, 32,114,101,102, 79, 98,106,
 44, 32,100, 97,116, 97, 41, 10, 32, 32, 99, 74, 83, 79, 78, 46,112,117,116, 65,
114,114, 97,121, 40, 32,114,101,102, 79, 98,106, 44, 32, 99, 74, 83, 79, 78, 46,
115,105,122,101, 40, 32,114,101,102, 79, 98,106, 41, 44, 32,100, 97,116, 97, 41,
 10,101,110,100, 10, 10,102,117,110, 99,116,105,111,110, 32, 99, 74, 83, 79, 78,
 46,116,111, 79, 98,106,101, 99,116, 40, 32,108,117, 97, 84, 97, 98,108,101, 32,
 41, 10, 32, 32,108,111, 99, 97,108, 32,114,101,116,117,114,110, 86, 97,108,117,
101, 10, 32, 32,114,101,116,117,114,110, 86, 97,108,117,101, 32, 61, 32, 99, 74,
 83, 79, 78, 46, 99,114,101, 97,116,101, 79, 98,106,101, 99,116, 40, 41, 10, 32,
 32,102,111,114, 32,105, 44,106, 32,105,110, 32,112, 97,105,114,115, 40, 32,108,
117, 97, 84, 97, 98,108,101, 41, 32,100,111, 10, 32, 32, 32, 32,105,102, 32,116,
121,112,101, 40,106, 41, 32, 61, 61, 34,116, 97, 98,108,101, 34, 32,116,104,101,
110, 10, 32, 32, 32, 32, 32,116,101,109,112, 32, 61, 32, 99, 74, 83, 79, 78, 46,
116,111, 79, 98,106,101, 99,116, 40, 32,106, 41, 32, 10, 32, 32, 32, 32, 32, 99,
 74, 83, 79, 78, 46,112,117,116, 79, 98,106,101, 99,116, 40,114,101,116,117,114,
110, 86, 97,108,117,101, 44,105, 44,116,101,109,112, 41, 59, 10, 32, 32, 32, 32,
101,108,115,101, 10, 32, 32, 32, 32, 32, 32, 99, 74, 83, 79, 78, 46,112,117,116,
 79, 98,106,101, 99,116, 40, 32,114,101,116,117,114,110, 86, 97,108,117,101, 44,
105, 44,106, 41, 10, 32, 32, 32, 32,101,110,100, 10, 32, 32,101,110,100, 10, 32,
 32,114,101,116,117,114,110, 32,114,101,116,117,114,110, 86, 97,108,117,101, 10,
101,110,100, 10, 10,102,117,110, 99,116,105,111,110, 32, 99, 74, 83, 79, 78, 46,
116,111, 65,114,114, 97,121, 40, 32,108,117, 97, 84, 97, 98,108,101, 32, 41, 10,
 32, 32,108,111, 99, 97,108, 32,114,101,116,117,114,110, 86, 97,108,117,101, 10,
 32, 32,114,101,116,117,114,110, 86, 97,108,117,101, 32, 61, 32, 99, 74, 83, 79,
 78, 46, 99,114,101, 97,116,101, 65,114,114, 97,121, 40, 41, 10, 32, 32,102,111,
114, 32,105, 44,106, 32,105,110, 32,112, 97,105,114,115, 40, 32,108,117, 97, 84,
 97, 98,108,101, 41, 32,100,111, 10, 32, 32, 32, 32,105,102, 32,116,121,112,101,
 40,106, 41, 32, 61, 61, 34,116, 97, 98,108,101, 34, 32,116,104,101,110, 10, 32,
 32, 32, 32, 32,116,101,109,112, 32, 61, 32, 99, 74, 83, 79, 78, 46,116,111, 65,
114,114, 97,121, 40, 32,106, 41, 32, 10, 32, 32, 32, 32, 32, 99, 74, 83, 79, 78,
 46,112,117,116, 65,114,114, 97,121, 40,114,101,116,117,114,110, 86, 97,108,117,
101, 44,105, 44,116,101,109,112, 41, 59, 10, 32, 32, 32, 32,101,108,115,101, 10,
 32, 32, 32, 32, 32, 32, 99, 74, 83, 79, 78, 46,112,117,116, 65,114,114, 97,121,
 40, 32,114,101,116,117,114,110, 86, 97,108,117,101, 44,105, 44,106, 41, 10, 32,
 32, 32, 32,101,110,100, 10, 32, 32,101,110,100, 10, 32, 32,114,101,116,117,114,
110, 32,114,101,116,117,114,110, 86, 97,108,117,101, 10,101,110,100, 10, 10,102,
117,110, 99,116,105,111,110, 32, 99, 74, 83, 79, 78, 46,114,101,109,111,118,101,
 65,114,114, 97,121, 40, 32, 99, 74, 83, 79, 78, 80,116,114, 44, 32,105,110,100,
101,120, 41, 10, 32, 32,108,111, 99, 97,108, 32,116,101,109,112, 10, 32, 32,116,
101,109,112, 32, 61, 32, 99, 74, 83, 79, 78, 46,100,101,116, 97, 99,104, 65,114,
114, 97,121, 40, 32, 99, 74, 83, 79, 78, 80,116,114, 44,105,110,100,101,120, 41,
 10, 32, 32,105,102, 32,116,101,109,112, 32,126, 61, 32,110,105,108, 32,116,104,
101,110, 10, 32, 32, 32, 32, 99, 74, 83, 79, 78, 46,102,114,101,101, 40,116,101,
109,112, 41, 10, 32, 32,101,110,100, 10,101,110,100, 10, 32, 10,102,117,110, 99,
116,105,111,110, 32, 99, 74, 83, 79, 78, 46,114,101,109,111,118,101, 79, 98,106,
101, 99,116, 40, 32, 99, 74, 83, 79, 78, 80,116,114, 44, 32,105,110,100,101,120,
 41, 10, 32, 32,108,111, 99, 97,108, 32,116,101,109,112, 10, 32, 32,116,101,109,
112, 32, 61, 32, 99, 74, 83, 79, 78, 46,100,101,116, 97, 99,104, 79, 98,106,101,
 99,116, 40, 32, 99, 74, 83, 79, 78, 80,116,114, 44,105,110,100,101,120, 41, 10,
 32, 32,105,102, 32,116,101,109,112, 32,126, 61, 32,110,105,108, 32,116,104,101,
110, 10, 32, 32, 32, 32, 99, 74, 83, 79, 78, 46,102,114,101,101, 40,116,101,109,
112, 41, 10, 32, 32,101,110,100, 10,101,110,100, 10, 10, 10, 10, 99, 74, 83, 79,
 78, 46,104,101,108,112, 65,114,114, 97,121, 32, 61, 32, 10,123, 10, 32, 32, 34,
 46,116,111, 95,115,116,114,105,110,103, 40, 32, 99, 74,115,111,110, 80,116,114,
 41, 32, 45, 45, 32,114,101,116,117,114,110,115, 32, 74, 83, 79, 78, 32,115,116,
114,105,110,103, 34, 44, 10, 32, 32, 34, 46,116,111, 95, 74, 83, 79, 78, 40, 32,
115,116,114,105,110,103, 32, 32, 41, 32, 45, 45, 32,114,101,116,117,114,110,115,
 32, 99, 74, 83, 79, 78, 32,112,116,114, 32, 32, 32, 32, 34, 44, 10, 32, 32, 34,
 46,112,114,105,110,116, 40, 32, 99, 74,115,111,110, 80,116,114, 41, 32, 45, 45,
 32,114,101,116,117,114,110,115, 32,102,111,114,109, 97,116,101,100, 32, 74, 83,
 79, 78, 32,115,116,114,105,110,103, 32, 32, 34, 44, 10, 32, 32, 34, 46,102,114,
101,101, 40, 32, 99, 74,115,111,110, 80,116,114, 41, 32, 32, 45, 45, 32,102,114,
101,101,115, 32, 99, 74, 83, 79, 78, 32,112,116,114, 32, 32, 34, 44, 10, 32, 32,
 34, 46, 99,114,101, 97,116,101, 65,114,114, 97,121, 40, 41, 32, 32, 32, 45, 45,
 32,114,101,116,117,114,110,115, 32, 99, 74, 83, 79, 78, 32, 65,114,114, 97,121,
 32,112,116,114, 32, 32, 34, 44, 10, 32, 32, 34, 46, 99,114,101, 97,116,101, 79,
 98,106,101, 99,116, 40, 41, 32, 32, 45, 45, 32,114,101,116,117,114,110,115, 32,
 99, 74, 83, 79, 78, 32, 79, 98,106,101, 99,116, 32,112,116,114, 32, 32, 34, 44,
 10, 32, 32, 34, 46,115,105,122,101, 40, 99, 74,115,111,110, 80,116,114, 41, 32,
 32, 45, 45, 32,114,101,116,117,114,110,115, 32,110,117,109, 98,101,114, 32,111,
102, 32, 99,104,105,108,100,114,101,110, 32, 32, 34, 44, 10, 32, 32, 34, 46,103,
101,116, 65,114,114, 97,121, 40, 99, 74,115,111,110, 80,116,114, 44,105,110,100,
101,120, 41, 32, 45, 45, 32,114,101,116,117,114,110, 32,111, 98,106,101, 99,116,
 32,112,111,105,110,116,101,114, 32, 32, 34, 44, 10, 32, 32, 34, 46,112,117,116,
 65,114,114, 97,121, 40, 99, 74,115,111,110, 80,116,114, 44,105,110,100,101,120,
 44,100, 97,116, 97, 44,116, 97, 98,108,101, 84,121,112,101, 41, 32, 32, 32, 34,
 44, 10, 32, 32, 34, 46,100,101,116, 97, 99,104, 65,114,114, 97,121, 40, 99, 74,
 83, 79, 78, 80,116,114, 44,105,110,100,101,120, 41, 32, 34, 44, 10, 32, 32, 34,
 46,114,101,109,111,118,101, 65,114,114, 97,121, 40, 99, 74, 83, 79, 78, 80,116,
114, 44,105,110,100,101,120, 41, 32, 34, 44, 10, 32, 32, 34, 46,103,101,116, 79,
 98,106,101, 99,116, 40, 99, 74,115,111,110, 80,116,114, 44,102,105,101,108,100,
 78, 97,109,101, 41, 34, 44, 10, 32, 34, 46,112,117,116, 79, 98,106,101, 99,116,
 40, 99, 74,115,111,110, 80,116,114, 44,102,105,101,108,100, 78, 97,109,101, 44,
100, 97,116, 97, 44,116, 97, 98,108,101, 84,121,112,101, 41, 32, 32, 32, 34, 44,
 10, 32, 34, 46,100,101,116, 97, 99,104, 79, 98,106,101, 99,116, 40, 99, 74, 83,
 79, 78, 80,116,114, 44,102,105,101,108,100, 78, 97,109,101, 41, 32, 34, 44, 10,
 32, 34, 46,114,101,109,111,118,101, 79, 98,106,101, 99,116, 40, 99, 74, 83, 79,
 78, 80,116,114, 44,102,105,101,108,100, 78, 97,109,101, 41, 32, 34, 44, 10, 32,
 34, 46, 97,112,112,101,110,100, 65,114,114, 97,121, 40, 32,114,101,102, 79, 98,
106, 44, 32,100, 97,116, 97, 41, 32, 32, 97,112,112,101,110,100,115, 32, 97,110,
 32,111, 98,106,101, 99,116, 32,116,111, 32, 97,110, 32, 97,114,114, 97,121, 32,
 34, 44, 10, 32, 34, 46,116,111, 65,114,114, 97,121, 40, 32,108,117, 97, 84, 97,
 98,108,101, 32, 41, 32, 99,111,110,118,101,114,116,115, 32, 97, 32,108,117, 97,
 32,116, 97, 98,108,101, 32,116,111, 32, 97,110, 32, 97,114,114, 97,121, 32, 32,
 32, 34, 44, 10, 32, 34, 46,103,101,116, 67,104,105,108,100, 40, 32,114,101,102,
 79, 98,106, 41, 32, 45, 45, 32,114,101,116,117,114,110,115, 32, 99,104,105,108,
100, 32,101,108,101,109,101,110,116, 32, 32, 32, 32, 34, 44, 10, 34, 46,116,111,
 79, 98,106,101, 99,116, 40, 32,108,117, 97, 84, 97, 98,108,101, 41, 32, 99,111,
110,118,101,114,116,115, 32,108,117, 97, 32,116, 97, 98,108,101, 32,116,111, 32,
 97,110, 32,111, 98,106,101, 99,116, 32, 34, 44, 10, 32, 34, 46,103,101,116, 84,
121,112,101, 40, 32,114,101,102, 79, 98,106, 41, 32, 45, 45, 32,114,101,116,117,
114,110,115, 32, 99,104,105,108,100, 32,101,108,101,109,101,110,116, 32, 32, 32,
 32, 34, 44, 10, 32, 34, 46,103,101,116, 70,105,101,108,100, 40, 32,114,101,102,
 79, 98,106, 41, 32, 45, 45, 32,114,101,116,117,114,110,115, 32, 99,104,105,108,
100, 32,101,108,101,109,101,110,116, 32, 32, 32, 32, 34, 44, 10, 32, 34, 46,103,
101,116, 83,116,114,105,110,103, 40, 32,114,101,102, 79, 98,106, 41, 32, 45, 45,
 32,114,101,116,117,114,110,115, 32, 99,104,105,108,100, 32,101,108,101,109,101,
110,116, 32, 32, 32, 32, 34, 44, 10, 32, 34, 46,103,101,116, 73,110,116,101,103,
101,114, 40, 32,114,101,102, 79, 98,106, 41, 32, 45, 45, 32,114,101,116,117,114,
110,115, 32, 99,104,105,108,100, 32,101,108,101,109,101,110,116, 32, 32, 32, 32,
 34, 44, 10, 32, 34, 46,103,101,116, 68,111,117, 98,108,101, 40, 32,114,101,102,
 79, 98,106, 41, 32, 45, 45, 32,114,101,116,117,114,110,115, 32, 99,104,105,108,
100, 32,101,108,101,109,101,110,116, 32, 32, 32, 32, 34, 44, 10, 32, 34, 46,110,
101,115,116,101,100, 70,105,101,108,100,115, 40, 32,114,101,102, 79, 98,106, 44,
 32,102,105,101,108,100,115, 32, 41, 32, 45, 45, 32,114,101,116,117,114,110,115,
 32,110,101,115,116,101,100, 32,101,108,101,109,101,110,116, 32,102,114,111,109,
 32,108,105,115,116, 32,111,102, 32,102,105,101,108,100,115, 32, 34, 44, 10, 32,
 32, 34, 46,104,101,108,112, 40, 41, 32, 32, 32, 32, 45, 45, 32,100,117,109,112,
115, 32,111,117,116, 32, 99,111,109,109, 97,110,100,115, 32, 34, 44, 10, 32, 34,
110,111,116,101, 32,117,115,101, 32,106,115,111,110, 32,117,116,105,108,105,116,
121, 32,116,111, 32,116, 97,107,101, 32, 74, 83, 79, 78, 32,115,116,114,105,110,
103, 32,116,111, 32,108,117, 97, 32, 34, 10, 10,125, 10, 10,102,117,110, 99,116,
105,111,110, 32, 99, 74, 83, 79, 78, 46,104,101,108,112, 40, 41, 10, 32,102,111,
114, 32,105, 44,106, 32,105,110, 32,105,112, 97,105,114,115, 40, 32, 99, 74, 83,
 79, 78, 46,104,101,108,112, 65,114,114, 97,121, 41, 32,100,111, 10, 32, 32,112,
114,105,110,116, 40,106, 41, 10, 32,101,110,100, 10,101,110,100, 10,
};

 lua_dobuffer(L,(const char*)B1,sizeof(B1),"luaScripts/cJSON.lua");
/* luaScripts/json.lua */
static const unsigned char B2[]={
 45, 45, 45, 45, 45, 45, 45, 45, 45, 45, 45, 45, 45, 45, 45, 45, 45, 45, 45, 45,
 45, 45, 45, 45, 45, 45, 45, 45, 45, 45, 45, 45, 45, 45, 45, 45, 45, 45, 45, 45,
 45, 45, 45, 45, 45, 45, 45, 45, 45, 45, 45, 45, 45, 45, 45, 45, 45, 45, 45, 45,
 45, 45, 45, 45, 45, 45, 45, 45, 45, 45, 45, 45, 45, 45, 45, 45, 45, 13, 10, 45,
 45, 32, 74, 83, 79, 78, 52, 76,117, 97, 58, 32, 74, 83, 79, 78, 32,101,110, 99,
111,100,105,110,103, 32, 47, 32,100,101, 99,111,100,105,110,103, 32,115,117,112,
112,111,114,116, 32,102,111,114, 32,116,104,101, 32, 76,117, 97, 32,108, 97,110,
103,117, 97,103,101, 46, 13, 10, 45, 45, 32,106,115,111,110, 32, 77,111,100,117,
108,101, 46, 13, 10, 45, 45, 32, 65,117,116,104,111,114, 58, 32, 67,114, 97,105,
103, 32, 77, 97,115,111,110, 45, 74,111,110,101,115, 13, 10, 45, 45, 32, 72,111,
109,101,112, 97,103,101, 58, 32,104,116,116,112, 58, 47, 47,106,115,111,110, 46,
108,117, 97,102,111,114,103,101, 46,110,101,116, 47, 13, 10, 45, 45, 32, 86,101,
114,115,105,111,110, 58, 32, 48, 46, 57, 46, 50, 48, 13, 10, 45, 45, 32, 84,104,
105,115, 32,109,111,100,117,108,101, 32,105,115, 32,114,101,108,101, 97,115,101,
100, 32,117,110,100,101,114, 32,116,104,101, 32, 84,104,101, 32, 71, 78, 85, 32,
 71,101,110,101,114, 97,108, 32, 80,117, 98,108,105, 99, 32, 76,105, 99,101,110,
115,101, 32, 40, 71, 80, 76, 41, 46, 13, 10, 45, 45, 32, 80,108,101, 97,115,101,
 32,115,101,101, 32, 76, 73, 67, 69, 78, 67, 69, 46,116,120,116, 32,102,111,114,
 32,100,101,116, 97,105,108,115, 46, 13, 10, 45, 45, 13, 10, 45, 45, 32, 85, 83,
 65, 71, 69, 58, 13, 10, 45, 45, 32, 84,104,105,115, 32,109,111,100,117,108,101,
 32,101,120,112,111,115,101,115, 32,116,119,111, 32,102,117,110, 99,116,105,111,
110,115, 58, 13, 10, 45, 45, 32, 32, 32,101,110, 99,111,100,101, 40,111, 41, 13,
 10, 45, 45, 32, 32, 32, 32, 32, 82,101,116,117,114,110,115, 32,116,104,101, 32,
116, 97, 98,108,101, 32, 47, 32,115,116,114,105,110,103, 32, 47, 32, 98,111,111,
108,101, 97,110, 32, 47, 32,110,117,109, 98,101,114, 32, 47, 32,110,105,108, 32,
 47, 32,106,115,111,110, 46,110,117,108,108, 32,118, 97,108,117,101, 32, 97,115,
 32, 97, 32, 74, 83, 79, 78, 45,101,110, 99,111,100,101,100, 32,115,116,114,105,
110,103, 46, 13, 10, 45, 45, 32, 32, 32,100,101, 99,111,100,101, 40,106,115,111,
110, 95,115,116,114,105,110,103, 41, 13, 10, 45, 45, 32, 32, 32, 32, 32, 82,101,
116,117,114,110,115, 32, 97, 32, 76,117, 97, 32,111, 98,106,101, 99,116, 32,112,
111,112,117,108, 97,116,101,100, 32,119,105,116,104, 32,116,104,101, 32,100, 97,
116, 97, 32,101,110, 99,111,100,101,100, 32,105,110, 32,116,104,101, 32, 74, 83,
 79, 78, 32,115,116,114,105,110,103, 32,106,115,111,110, 95,115,116,114,105,110,
103, 46, 13, 10, 45, 45, 13, 10, 45, 45, 32, 82, 69, 81, 85, 73, 82, 69, 77, 69,
 78, 84, 83, 58, 13, 10, 45, 45, 32, 32, 32, 99,111,109,112, 97,116, 45, 53, 46,
 49, 32,105,102, 32,117,115,105,110,103, 32, 76,117, 97, 32, 53, 46, 48, 13, 10,
 45, 45, 13, 10, 45, 45, 32, 67, 72, 65, 78, 71, 69, 76, 79, 71, 13, 10, 45, 45,
 32, 32, 32, 48, 46, 57, 46, 50, 48, 32, 73,110,116,114,111,100,117, 99,116,105,
111,110, 32,111,102, 32,108,111, 99, 97,108, 32, 76,117, 97, 32,102,117,110, 99,
116,105,111,110,115, 32,102,111,114, 32,112,114,105,118, 97,116,101, 32,102,117,
110, 99,116,105,111,110,115, 32, 40,114,101,109,111,118,101,100, 32, 95, 32,102,
117,110, 99,116,105,111,110, 32,112,114,101,102,105,120, 41, 46, 32, 13, 10, 45,
 45, 32, 32, 32, 32, 32, 32, 32, 32, 32, 32, 70,105,120,101,100, 32, 76,117, 97,
 32, 53, 46, 49, 32, 99,111,109,112, 97,116,105, 98,105,108,105,116,121, 32,105,
115,115,117,101,115, 46, 13, 10, 45, 45, 32, 32, 32,  9,  9, 73,110,116,114,111,
100,117, 99,101,100, 32,106,115,111,110, 46,110,117,108,108, 32,116,111, 32,104,
 97,118,101, 32,110,117,108,108, 32,118, 97,108,117,101,115, 32,105,110, 32, 97,
115,115,111, 99,105, 97,116,105,118,101, 32, 97,114,114, 97,121,115, 46, 13, 10,
 45, 45, 32, 32, 32, 32, 32, 32, 32, 32, 32, 32,101,110, 99,111,100,101, 40, 41,
 32,112,101,114,102,111,114,109, 97,110, 99,101, 32,105,109,112,114,111,118,101,
109,101,110,116, 32, 40,109,111,114,101, 32,116,104, 97,110, 32, 53, 48, 37, 41,
 32,116,104,114,111,117,103,104, 32,116, 97, 98,108,101, 46, 99,111,110, 99, 97,
116, 32,114, 97,116,104,101,114, 32,116,104, 97,110, 32, 46, 46, 13, 10, 45, 45,
 32, 32, 32, 32, 32, 32, 32, 32, 32, 32, 73,110,116,114,111,100,117, 99,101,100,
 32,100,101, 99,111,100,101, 32, 97, 98,105,108,105,116,121, 32,116,111, 32,105,
103,110,111,114,101, 32, 47, 42, 42, 47, 32, 99,111,109,109,101,110,116,115, 32,
105,110, 32,116,104,101, 32, 74, 83, 79, 78, 32,115,116,114,105,110,103, 46, 13,
 10, 45, 45, 32, 32, 32, 48, 46, 57, 46, 49, 48, 32, 70,105,120, 32,116,111, 32,
 97,114,114, 97,121, 32,101,110, 99,111,100,105,110,103, 32, 47, 32,100,101, 99,
111,100,105,110,103, 32,116,111, 32, 99,111,114,114,101, 99,116,108,121, 32,109,
 97,110, 97,103,101, 32,110,105,108, 47,110,117,108,108, 32,118, 97,108,117,101,
115, 32,105,110, 32, 97,114,114, 97,121,115, 46, 13, 10, 45, 45, 45, 45, 45, 45,
 45, 45, 45, 45, 45, 45, 45, 45, 45, 45, 45, 45, 45, 45, 45, 45, 45, 45, 45, 45,
 45, 45, 45, 45, 45, 45, 45, 45, 45, 45, 45, 45, 45, 45, 45, 45, 45, 45, 45, 45,
 45, 45, 45, 45, 45, 45, 45, 45, 45, 45, 45, 45, 45, 45, 45, 45, 45, 45, 45, 45,
 45, 45, 45, 45, 45, 45, 45, 45, 45, 45, 45, 13, 10, 13, 10, 45, 45, 45, 45, 45,
 45, 45, 45, 45, 45, 45, 45, 45, 45, 45, 45, 45, 45, 45, 45, 45, 45, 45, 45, 45,
 45, 45, 45, 45, 45, 45, 45, 45, 45, 45, 45, 45, 45, 45, 45, 45, 45, 45, 45, 45,
 45, 45, 45, 45, 45, 45, 45, 45, 45, 45, 45, 45, 45, 45, 45, 45, 45, 45, 45, 45,
 45, 45, 45, 45, 45, 45, 45, 45, 45, 45, 45, 45, 13, 10, 45, 45, 32, 73,109,112,
111,114,116,115, 32, 97,110,100, 32,100,101,112,101,110,100,101,110, 99,105,101,
115, 13, 10, 45, 45, 45, 45, 45, 45, 45, 45, 45, 45, 45, 45, 45, 45, 45, 45, 45,
 45, 45, 45, 45, 45, 45, 45, 45, 45, 45, 45, 45, 45, 45, 45, 45, 45, 45, 45, 45,
 45, 45, 45, 45, 45, 45, 45, 45, 45, 45, 45, 45, 45, 45, 45, 45, 45, 45, 45, 45,
 45, 45, 45, 45, 45, 45, 45, 45, 45, 45, 45, 45, 45, 45, 45, 45, 45, 45, 45, 45,
 13, 10,108,111, 99, 97,108, 32,109, 97,116,104, 32, 61, 32,114,101,113,117,105,
114,101, 40, 39,109, 97,116,104, 39, 41, 13, 10,108,111, 99, 97,108, 32,115,116,
114,105,110,103, 32, 61, 32,114,101,113,117,105,114,101, 40, 34,115,116,114,105,
110,103, 34, 41, 13, 10,108,111, 99, 97,108, 32,116, 97, 98,108,101, 32, 61, 32,
114,101,113,117,105,114,101, 40, 34,116, 97, 98,108,101, 34, 41, 13, 10, 13, 10,
108,111, 99, 97,108, 32, 98, 97,115,101, 32, 61, 32, 95, 71, 13, 10, 13, 10, 45,
 45, 45, 45, 45, 45, 45, 45, 45, 45, 45, 45, 45, 45, 45, 45, 45, 45, 45, 45, 45,
 45, 45, 45, 45, 45, 45, 45, 45, 45, 45, 45, 45, 45, 45, 45, 45, 45, 45, 45, 45,
 45, 45, 45, 45, 45, 45, 45, 45, 45, 45, 45, 45, 45, 45, 45, 45, 45, 45, 45, 45,
 45, 45, 45, 45, 45, 45, 45, 45, 45, 45, 45, 45, 45, 45, 45, 45, 13, 10, 45, 45,
 32, 77,111,100,117,108,101, 32,100,101, 99,108, 97,114, 97,116,105,111,110, 13,
 10, 45, 45, 45, 45, 45, 45, 45, 45, 45, 45, 45, 45, 45, 45, 45, 45, 45, 45, 45,
 45, 45, 45, 45, 45, 45, 45, 45, 45, 45, 45, 45, 45, 45, 45, 45, 45, 45, 45, 45,
 45, 45, 45, 45, 45, 45, 45, 45, 45, 45, 45, 45, 45, 45, 45, 45, 45, 45, 45, 45,
 45, 45, 45, 45, 45, 45, 45, 45, 45, 45, 45, 45, 45, 45, 45, 45, 45, 45, 13, 10,
109,111,100,117,108,101, 40, 34,106,115,111,110, 34, 41, 13, 10, 13, 10, 45, 45,
 32, 80,117, 98,108,105, 99, 32,102,117,110, 99,116,105,111,110,115, 13, 10, 13,
 10, 45, 45, 32, 80,114,105,118, 97,116,101, 32,102,117,110, 99,116,105,111,110,
115, 13, 10,108,111, 99, 97,108, 32,100,101, 99,111,100,101, 95,115, 99, 97,110,
 65,114,114, 97,121, 13, 10,108,111, 99, 97,108, 32,100,101, 99,111,100,101, 95,
115, 99, 97,110, 67,111,109,109,101,110,116, 13, 10,108,111, 99, 97,108, 32,100,
101, 99,111,100,101, 95,115, 99, 97,110, 67,111,110,115,116, 97,110,116, 13, 10,
108,111, 99, 97,108, 32,100,101, 99,111,100,101, 95,115, 99, 97,110, 78,117,109,
 98,101,114, 13, 10,108,111, 99, 97,108, 32,100,101, 99,111,100,101, 95,115, 99,
 97,110, 79, 98,106,101, 99,116, 13, 10,108,111, 99, 97,108, 32,100,101, 99,111,
100,101, 95,115, 99, 97,110, 83,116,114,105,110,103, 13, 10,108,111, 99, 97,108,
 32,100,101, 99,111,100,101, 95,115, 99, 97,110, 87,104,105,116,101,115,112, 97,
 99,101, 13, 10,108,111, 99, 97,108, 32,101,110, 99,111,100,101, 83,116,114,105,
110,103, 13, 10,108,111, 99, 97,108, 32,105,115, 65,114,114, 97,121, 13, 10,108,
111, 99, 97,108, 32,105,115, 69,110, 99,111,100, 97, 98,108,101, 13, 10, 13, 10,
 45, 45, 45, 45, 45, 45, 45, 45, 45, 45, 45, 45, 45, 45, 45, 45, 45, 45, 45, 45,
 45, 45, 45, 45, 45, 45, 45, 45, 45, 45, 45, 45, 45, 45, 45, 45, 45, 45, 45, 45,
 45, 45, 45, 45, 45, 45, 45, 45, 45, 45, 45, 45, 45, 45, 45, 45, 45, 45, 45, 45,
 45, 45, 45, 45, 45, 45, 45, 45, 45, 45, 45, 45, 45, 45, 45, 45, 45, 13, 10, 45,
 45, 32, 80, 85, 66, 76, 73, 67, 32, 70, 85, 78, 67, 84, 73, 79, 78, 83, 13, 10,
 45, 45, 45, 45, 45, 45, 45, 45, 45, 45, 45, 45, 45, 45, 45, 45, 45, 45, 45, 45,
 45, 45, 45, 45, 45, 45, 45, 45, 45, 45, 45, 45, 45, 45, 45, 45, 45, 45, 45, 45,
 45, 45, 45, 45, 45, 45, 45, 45, 45, 45, 45, 45, 45, 45, 45, 45, 45, 45, 45, 45,
 45, 45, 45, 45, 45, 45, 45, 45, 45, 45, 45, 45, 45, 45, 45, 45, 45, 13, 10, 45,
 45, 45, 32, 69,110, 99,111,100,101,115, 32, 97,110, 32, 97,114, 98,105,116,114,
 97,114,121, 32, 76,117, 97, 32,111, 98,106,101, 99,116, 32, 47, 32,118, 97,114,
105, 97, 98,108,101, 46, 13, 10, 45, 45, 32, 64,112, 97,114, 97,109, 32,118, 32,
 84,104,101, 32, 76,117, 97, 32,111, 98,106,101, 99,116, 32, 47, 32,118, 97,114,
105, 97, 98,108,101, 32,116,111, 32, 98,101, 32, 74, 83, 79, 78, 32,101,110, 99,
111,100,101,100, 46, 13, 10, 45, 45, 32, 64,114,101,116,117,114,110, 32, 83,116,
114,105,110,103, 32, 99,111,110,116, 97,105,110,105,110,103, 32,116,104,101, 32,
 74, 83, 79, 78, 32,101,110, 99,111,100,105,110,103, 32,105,110, 32,105,110,116,
101,114,110, 97,108, 32, 76,117, 97, 32,115,116,114,105,110,103, 32,102,111,114,
109, 97,116, 32, 40,105, 46,101, 46, 32,110,111,116, 32,117,110,105, 99,111,100,
101, 41, 13, 10,102,117,110, 99,116,105,111,110, 32,101,110, 99,111,100,101, 32,
 40,118, 41, 13, 10, 32, 32, 45, 45, 32, 72, 97,110,100,108,101, 32,110,105,108,
 32,118, 97,108,117,101,115, 13, 10, 32, 32,105,102, 32,118, 61, 61,110,105,108,
 32,116,104,101,110, 13, 10, 32, 32, 32, 32,114,101,116,117,114,110, 32, 34,110,
117,108,108, 34, 13, 10, 32, 32,101,110,100, 13, 10, 32, 32, 13, 10, 32, 32,108,
111, 99, 97,108, 32,118,116,121,112,101, 32, 61, 32, 98, 97,115,101, 46,116,121,
112,101, 40,118, 41, 32, 32, 13, 10, 13, 10, 32, 32, 45, 45, 32, 72, 97,110,100,
108,101, 32,115,116,114,105,110,103,115, 13, 10, 32, 32,105,102, 32,118,116,121,
112,101, 61, 61, 39,115,116,114,105,110,103, 39, 32,116,104,101,110, 32, 32, 32,
 32, 13, 10, 32, 32, 32, 32,114,101,116,117,114,110, 32, 39, 34, 39, 32, 46, 46,
 32,101,110, 99,111,100,101, 83,116,114,105,110,103, 40,118, 41, 32, 46, 46, 32,
 39, 34, 39,  9, 32, 32, 32, 32, 45, 45, 32, 78,101,101,100, 32,116,111, 32,104,
 97,110,100,108,101, 32,101,110, 99,111,100,105,110,103, 32,105,110, 32,115,116,
114,105,110,103, 13, 10, 32, 32,101,110,100, 13, 10, 32, 32, 13, 10, 32, 32, 45,
 45, 32, 72, 97,110,100,108,101, 32, 98,111,111,108,101, 97,110,115, 13, 10, 32,
 32,105,102, 32,118,116,121,112,101, 61, 61, 39,110,117,109, 98,101,114, 39, 32,
111,114, 32,118,116,121,112,101, 61, 61, 39, 98,111,111,108,101, 97,110, 39, 32,
116,104,101,110, 13, 10, 32, 32, 32, 32,114,101,116,117,114,110, 32, 98, 97,115,
101, 46,116,111,115,116,114,105,110,103, 40,118, 41, 13, 10, 32, 32,101,110,100,
 13, 10, 32, 32, 13, 10, 32, 32, 45, 45, 32, 72, 97,110,100,108,101, 32,116, 97,
 98,108,101,115, 13, 10, 32, 32,105,102, 32,118,116,121,112,101, 61, 61, 39,116,
 97, 98,108,101, 39, 32,116,104,101,110, 13, 10, 32, 32, 32, 32,108,111, 99, 97,
108, 32,114,118, 97,108, 32, 61, 32,123,125, 13, 10, 32, 32, 32, 32, 45, 45, 32,
 67,111,110,115,105,100,101,114, 32, 97,114,114, 97,121,115, 32,115,101,112, 97,
114, 97,116,101,108,121, 13, 10, 32, 32, 32, 32,108,111, 99, 97,108, 32, 98, 65,
114,114, 97,121, 44, 32,109, 97,120, 67,111,117,110,116, 32, 61, 32,105,115, 65,
114,114, 97,121, 40,118, 41, 13, 10, 32, 32, 32, 32,105,102, 32, 98, 65,114,114,
 97,121, 32,116,104,101,110, 13, 10, 32, 32, 32, 32, 32, 32,102,111,114, 32,105,
 32, 61, 32, 49, 44,109, 97,120, 67,111,117,110,116, 32,100,111, 13, 10, 32, 32,
 32, 32, 32, 32, 32, 32,116, 97, 98,108,101, 46,105,110,115,101,114,116, 40,114,
118, 97,108, 44, 32,101,110, 99,111,100,101, 40,118, 91,105, 93, 41, 41, 13, 10,
 32, 32, 32, 32, 32, 32,101,110,100, 13, 10, 32, 32, 32, 32,101,108,115,101,  9,
 45, 45, 32, 65,110, 32,111, 98,106,101, 99,116, 44, 32,110,111,116, 32, 97,110,
 32, 97,114,114, 97,121, 13, 10, 32, 32, 32, 32, 32, 32,102,111,114, 32,105, 44,
106, 32,105,110, 32, 98, 97,115,101, 46,112, 97,105,114,115, 40,118, 41, 32,100,
111, 13, 10, 32, 32, 32, 32, 32, 32, 32, 32,105,102, 32,105,115, 69,110, 99,111,
100, 97, 98,108,101, 40,105, 41, 32, 97,110,100, 32,105,115, 69,110, 99,111,100,
 97, 98,108,101, 40,106, 41, 32,116,104,101,110, 13, 10, 32, 32, 32, 32, 32, 32,
 32, 32, 32, 32,116, 97, 98,108,101, 46,105,110,115,101,114,116, 40,114,118, 97,
108, 44, 32, 39, 34, 39, 32, 46, 46, 32,101,110, 99,111,100,101, 83,116,114,105,
110,103, 40,105, 41, 32, 46, 46, 32, 39, 34, 58, 39, 32, 46, 46, 32,101,110, 99,
111,100,101, 40,106, 41, 41, 13, 10, 32, 32, 32, 32, 32, 32, 32, 32,101,110,100,
 13, 10, 32, 32, 32, 32, 32, 32,101,110,100, 13, 10, 32, 32, 32, 32,101,110,100,
 13, 10, 32, 32, 32, 32,105,102, 32, 98, 65,114,114, 97,121, 32,116,104,101,110,
 13, 10, 32, 32, 32, 32, 32, 32,114,101,116,117,114,110, 32, 39, 91, 39, 32, 46,
 46, 32,116, 97, 98,108,101, 46, 99,111,110, 99, 97,116, 40,114,118, 97,108, 44,
 39, 44, 39, 41, 32, 46, 46, 39, 93, 39, 13, 10, 32, 32, 32, 32,101,108,115,101,
 13, 10, 32, 32, 32, 32, 32, 32,114,101,116,117,114,110, 32, 39,123, 39, 32, 46,
 46, 32,116, 97, 98,108,101, 46, 99,111,110, 99, 97,116, 40,114,118, 97,108, 44,
 39, 44, 39, 41, 32, 46, 46, 32, 39,125, 39, 13, 10, 32, 32, 32, 32,101,110,100,
 13, 10, 32, 32,101,110,100, 13, 10, 32, 32, 13, 10, 32, 32, 45, 45, 32, 72, 97,
110,100,108,101, 32,110,117,108,108, 32,118, 97,108,117,101,115, 13, 10, 32, 32,
105,102, 32,118,116,121,112,101, 61, 61, 39,102,117,110, 99,116,105,111,110, 39,
 32, 97,110,100, 32,118, 61, 61,110,117,108,108, 32,116,104,101,110, 13, 10, 32,
 32, 32, 32,114,101,116,117,114,110, 32, 39,110,117,108,108, 39, 13, 10, 32, 32,
101,110,100, 13, 10, 32, 32, 13, 10, 32, 32, 98, 97,115,101, 46, 97,115,115,101,
114,116, 40,102, 97,108,115,101, 44, 39,101,110, 99,111,100,101, 32, 97,116,116,
101,109,112,116, 32,116,111, 32,101,110, 99,111,100,101, 32,117,110,115,117,112,
112,111,114,116,101,100, 32,116,121,112,101, 32, 39, 32, 46, 46, 32,118,116,121,
112,101, 32, 46, 46, 32, 39, 58, 39, 32, 46, 46, 32, 98, 97,115,101, 46,116,111,
115,116,114,105,110,103, 40,118, 41, 41, 13, 10,101,110,100, 13, 10, 13, 10, 13,
 10, 45, 45, 45, 32, 68,101, 99,111,100,101,115, 32, 97, 32, 74, 83, 79, 78, 32,
115,116,114,105,110,103, 32, 97,110,100, 32,114,101,116,117,114,110,115, 32,116,
104,101, 32,100,101, 99,111,100,101,100, 32,118, 97,108,117,101, 32, 97,115, 32,
 97, 32, 76,117, 97, 32,100, 97,116, 97, 32,115,116,114,117, 99,116,117,114,101,
 32, 47, 32,118, 97,108,117,101, 46, 13, 10, 45, 45, 32, 64,112, 97,114, 97,109,
 32,115, 32, 84,104,101, 32,115,116,114,105,110,103, 32,116,111, 32,115, 99, 97,
110, 46, 13, 10, 45, 45, 32, 64,112, 97,114, 97,109, 32, 91,115,116, 97,114,116,
 80,111,115, 93, 32, 79,112,116,105,111,110, 97,108, 32,115,116, 97,114,116,105,
110,103, 32,112,111,115,105,116,105,111,110, 32,119,104,101,114,101, 32,116,104,
101, 32, 74, 83, 79, 78, 32,115,116,114,105,110,103, 32,105,115, 32,108,111, 99,
 97,116,101,100, 46, 32, 68,101,102, 97,117,108,116,115, 32,116,111, 32, 49, 46,
 13, 10, 45, 45, 32, 64,112, 97,114, 97,109, 32, 76,117, 97, 32,111, 98,106,101,
 99,116, 44, 32,110,117,109, 98,101,114, 32, 84,104,101, 32,111, 98,106,101, 99,
116, 32,116,104, 97,116, 32,119, 97,115, 32,115, 99, 97,110,110,101,100, 44, 32,
 97,115, 32, 97, 32, 76,117, 97, 32,116, 97, 98,108,101, 32, 47, 32,115,116,114,
105,110,103, 32, 47, 32,110,117,109, 98,101,114, 32, 47, 32, 98,111,111,108,101,
 97,110, 32,111,114, 32,110,105,108, 44, 13, 10, 45, 45, 32, 97,110,100, 32,116,
104,101, 32,112,111,115,105,116,105,111,110, 32,111,102, 32,116,104,101, 32,102,
105,114,115,116, 32, 99,104, 97,114, 97, 99,116,101,114, 32, 97,102,116,101,114,
 13, 10, 45, 45, 32,116,104,101, 32,115, 99, 97,110,110,101,100, 32, 74, 83, 79,
 78, 32,111, 98,106,101, 99,116, 46, 13, 10,102,117,110, 99,116,105,111,110, 32,
100,101, 99,111,100,101, 40,115, 44, 32,115,116, 97,114,116, 80,111,115, 41, 13,
 10, 32, 32,115,116, 97,114,116, 80,111,115, 32, 61, 32,115,116, 97,114,116, 80,
111,115, 32, 97,110,100, 32,115,116, 97,114,116, 80,111,115, 32,111,114, 32, 49,
 13, 10, 32, 32,115,116, 97,114,116, 80,111,115, 32, 61, 32,100,101, 99,111,100,
101, 95,115, 99, 97,110, 87,104,105,116,101,115,112, 97, 99,101, 40,115, 44,115,
116, 97,114,116, 80,111,115, 41, 13, 10, 32, 32, 98, 97,115,101, 46, 97,115,115,
101,114,116, 40,115,116, 97,114,116, 80,111,115, 60, 61,115,116,114,105,110,103,
 46,108,101,110, 40,115, 41, 44, 32, 39, 85,110,116,101,114,109,105,110, 97,116,
101,100, 32, 74, 83, 79, 78, 32,101,110, 99,111,100,101,100, 32,111, 98,106,101,
 99,116, 32,102,111,117,110,100, 32, 97,116, 32,112,111,115,105,116,105,111,110,
 32,105,110, 32, 91, 39, 32, 46, 46, 32,115, 32, 46, 46, 32, 39, 93, 39, 41, 13,
 10, 32, 32,108,111, 99, 97,108, 32, 99,117,114, 67,104, 97,114, 32, 61, 32,115,
116,114,105,110,103, 46,115,117, 98, 40,115, 44,115,116, 97,114,116, 80,111,115,
 44,115,116, 97,114,116, 80,111,115, 41, 13, 10, 32, 32, 45, 45, 32, 79, 98,106,
101, 99,116, 13, 10, 32, 32,105,102, 32, 99,117,114, 67,104, 97,114, 61, 61, 39,
123, 39, 32,116,104,101,110, 13, 10, 32, 32, 32, 32,114,101,116,117,114,110, 32,
100,101, 99,111,100,101, 95,115, 99, 97,110, 79, 98,106,101, 99,116, 40,115, 44,
115,116, 97,114,116, 80,111,115, 41, 13, 10, 32, 32,101,110,100, 13, 10, 32, 32,
 45, 45, 32, 65,114,114, 97,121, 13, 10, 32, 32,105,102, 32, 99,117,114, 67,104,
 97,114, 61, 61, 39, 91, 39, 32,116,104,101,110, 13, 10, 32, 32, 32, 32,114,101,
116,117,114,110, 32,100,101, 99,111,100,101, 95,115, 99, 97,110, 65,114,114, 97,
121, 40,115, 44,115,116, 97,114,116, 80,111,115, 41, 13, 10, 32, 32,101,110,100,
 13, 10, 32, 32, 45, 45, 32, 78,117,109, 98,101,114, 13, 10, 32, 32,105,102, 32,
115,116,114,105,110,103, 46,102,105,110,100, 40, 34, 43, 45, 48, 49, 50, 51, 52,
 53, 54, 55, 56, 57, 46,101, 34, 44, 32, 99,117,114, 67,104, 97,114, 44, 32, 49,
 44, 32,116,114,117,101, 41, 32,116,104,101,110, 13, 10, 32, 32, 32, 32,114,101,
116,117,114,110, 32,100,101, 99,111,100,101, 95,115, 99, 97,110, 78,117,109, 98,
101,114, 40,115, 44,115,116, 97,114,116, 80,111,115, 41, 13, 10, 32, 32,101,110,
100, 13, 10, 32, 32, 45, 45, 32, 83,116,114,105,110,103, 13, 10, 32, 32,105,102,
 32, 99,117,114, 67,104, 97,114, 61, 61, 91, 91, 34, 93, 93, 32,111,114, 32, 99,
117,114, 67,104, 97,114, 61, 61, 91, 91, 39, 93, 93, 32,116,104,101,110, 13, 10,
 32, 32, 32, 32,114,101,116,117,114,110, 32,100,101, 99,111,100,101, 95,115, 99,
 97,110, 83,116,114,105,110,103, 40,115, 44,115,116, 97,114,116, 80,111,115, 41,
 13, 10, 32, 32,101,110,100, 13, 10, 32, 32,105,102, 32,115,116,114,105,110,103,
 46,115,117, 98, 40,115, 44,115,116, 97,114,116, 80,111,115, 44,115,116, 97,114,
116, 80,111,115, 43, 49, 41, 61, 61, 39, 47, 42, 39, 32,116,104,101,110, 13, 10,
 32, 32, 32, 32,114,101,116,117,114,110, 32,100,101, 99,111,100,101, 40,115, 44,
 32,100,101, 99,111,100,101, 95,115, 99, 97,110, 67,111,109,109,101,110,116, 40,
115, 44,115,116, 97,114,116, 80,111,115, 41, 41, 13, 10, 32, 32,101,110,100, 13,
 10, 32, 32, 45, 45, 32, 79,116,104,101,114,119,105,115,101, 44, 32,105,116, 32,
109,117,115,116, 32, 98,101, 32, 97, 32, 99,111,110,115,116, 97,110,116, 13, 10,
 32, 32,114,101,116,117,114,110, 32,100,101, 99,111,100,101, 95,115, 99, 97,110,
 67,111,110,115,116, 97,110,116, 40,115, 44,115,116, 97,114,116, 80,111,115, 41,
 13, 10,101,110,100, 13, 10, 13, 10, 45, 45, 45, 32, 84,104,101, 32,110,117,108,
108, 32,102,117,110, 99,116,105,111,110, 32, 97,108,108,111,119,115, 32,111,110,
101, 32,116,111, 32,115,112,101, 99,105,102,121, 32, 97, 32,110,117,108,108, 32,
118, 97,108,117,101, 32,105,110, 32, 97,110, 32, 97,115,115,111, 99,105, 97,116,
105,118,101, 32, 97,114,114, 97,121, 32, 40,119,104,105, 99,104, 32,105,115, 32,
111,116,104,101,114,119,105,115,101, 13, 10, 45, 45, 32,100,105,115, 99, 97,114,
100,101,100, 32,105,102, 32,121,111,117, 32,115,101,116, 32,116,104,101, 32,118,
 97,108,117,101, 32,119,105,116,104, 32, 39,110,105,108, 39, 32,105,110, 32, 76,
117, 97, 46, 32, 83,105,109,112,108,121, 32,115,101,116, 32,116, 32, 61, 32,123,
 32,102,105,114,115,116, 61,106,115,111,110, 46,110,117,108,108, 32,125, 13, 10,
102,117,110, 99,116,105,111,110, 32,110,117,108,108, 40, 41, 13, 10, 32, 32,114,
101,116,117,114,110, 32,110,117,108,108, 32, 45, 45, 32,115,111, 32,106,115,111,
110, 46,110,117,108,108, 40, 41, 32,119,105,108,108, 32, 97,108,115,111, 32,114,
101,116,117,114,110, 32,110,117,108,108, 32, 59, 45, 41, 13, 10,101,110,100, 13,
 10, 45, 45, 45, 45, 45, 45, 45, 45, 45, 45, 45, 45, 45, 45, 45, 45, 45, 45, 45,
 45, 45, 45, 45, 45, 45, 45, 45, 45, 45, 45, 45, 45, 45, 45, 45, 45, 45, 45, 45,
 45, 45, 45, 45, 45, 45, 45, 45, 45, 45, 45, 45, 45, 45, 45, 45, 45, 45, 45, 45,
 45, 45, 45, 45, 45, 45, 45, 45, 45, 45, 45, 45, 45, 45, 45, 45, 45, 45, 13, 10,
 45, 45, 32, 73,110,116,101,114,110, 97,108, 44, 32, 80, 82, 73, 86, 65, 84, 69,
 32,102,117,110, 99,116,105,111,110,115, 46, 13, 10, 45, 45, 32, 70,111,108,108,
111,119,105,110,103, 32, 97, 32, 80,121,116,104,111,110, 45,108,105,107,101, 32,
 99,111,110,118,101,110,116,105,111,110, 44, 32, 73, 32,104, 97,118,101, 32,112,
114,101,102,105,120,101,100, 32, 97,108,108, 32,116,104,101,115,101, 32, 39, 80,
 82, 73, 86, 65, 84, 69, 39, 13, 10, 45, 45, 32,102,117,110, 99,116,105,111,110,
115, 32,119,105,116,104, 32, 97,110, 32,117,110,100,101,114,115, 99,111,114,101,
 46, 13, 10, 45, 45, 45, 45, 45, 45, 45, 45, 45, 45, 45, 45, 45, 45, 45, 45, 45,
 45, 45, 45, 45, 45, 45, 45, 45, 45, 45, 45, 45, 45, 45, 45, 45, 45, 45, 45, 45,
 45, 45, 45, 45, 45, 45, 45, 45, 45, 45, 45, 45, 45, 45, 45, 45, 45, 45, 45, 45,
 45, 45, 45, 45, 45, 45, 45, 45, 45, 45, 45, 45, 45, 45, 45, 45, 45, 45, 45, 45,
 13, 10, 13, 10, 45, 45, 45, 32, 83, 99, 97,110,115, 32, 97,110, 32, 97,114,114,
 97,121, 32,102,114,111,109, 32, 74, 83, 79, 78, 32,105,110,116,111, 32, 97, 32,
 76,117, 97, 32,111, 98,106,101, 99,116, 13, 10, 45, 45, 32,115,116, 97,114,116,
 80,111,115, 32, 98,101,103,105,110,115, 32, 97,116, 32,116,104,101, 32,115,116,
 97,114,116, 32,111,102, 32,116,104,101, 32, 97,114,114, 97,121, 46, 13, 10, 45,
 45, 32, 82,101,116,117,114,110,115, 32,116,104,101, 32, 97,114,114, 97,121, 32,
 97,110,100, 32,116,104,101, 32,110,101,120,116, 32,115,116, 97,114,116,105,110,
103, 32,112,111,115,105,116,105,111,110, 13, 10, 45, 45, 32, 64,112, 97,114, 97,
109, 32,115, 32, 84,104,101, 32,115,116,114,105,110,103, 32, 98,101,105,110,103,
 32,115, 99, 97,110,110,101,100, 46, 13, 10, 45, 45, 32, 64,112, 97,114, 97,109,
 32,115,116, 97,114,116, 80,111,115, 32, 84,104,101, 32,115,116, 97,114,116,105,
110,103, 32,112,111,115,105,116,105,111,110, 32,102,111,114, 32,116,104,101, 32,
115, 99, 97,110, 46, 13, 10, 45, 45, 32, 64,114,101,116,117,114,110, 32,116, 97,
 98,108,101, 44, 32,105,110,116, 32, 84,104,101, 32,115, 99, 97,110,110,101,100,
 32, 97,114,114, 97,121, 32, 97,115, 32, 97, 32,116, 97, 98,108,101, 44, 32, 97,
110,100, 32,116,104,101, 32,112,111,115,105,116,105,111,110, 32,111,102, 32,116,
104,101, 32,110,101,120,116, 32, 99,104, 97,114, 97, 99,116,101,114, 32,116,111,
 32,115, 99, 97,110, 46, 13, 10,102,117,110, 99,116,105,111,110, 32,100,101, 99,
111,100,101, 95,115, 99, 97,110, 65,114,114, 97,121, 40,115, 44,115,116, 97,114,
116, 80,111,115, 41, 13, 10, 32, 32,108,111, 99, 97,108, 32, 97,114,114, 97,121,
 32, 61, 32,123,125,  9, 45, 45, 32, 84,104,101, 32,114,101,116,117,114,110, 32,
118, 97,108,117,101, 13, 10, 32, 32,108,111, 99, 97,108, 32,115,116,114,105,110,
103, 76,101,110, 32, 61, 32,115,116,114,105,110,103, 46,108,101,110, 40,115, 41,
 13, 10, 32, 32, 98, 97,115,101, 46, 97,115,115,101,114,116, 40,115,116,114,105,
110,103, 46,115,117, 98, 40,115, 44,115,116, 97,114,116, 80,111,115, 44,115,116,
 97,114,116, 80,111,115, 41, 61, 61, 39, 91, 39, 44, 39,100,101, 99,111,100,101,
 95,115, 99, 97,110, 65,114,114, 97,121, 32, 99, 97,108,108,101,100, 32, 98,117,
116, 32, 97,114,114, 97,121, 32,100,111,101,115, 32,110,111,116, 32,115,116, 97,
114,116, 32, 97,116, 32,112,111,115,105,116,105,111,110, 32, 39, 32, 46, 46, 32,
115,116, 97,114,116, 80,111,115, 32, 46, 46, 32, 39, 32,105,110, 32,115,116,114,
105,110,103, 58, 92,110, 39, 46, 46,115, 32, 41, 13, 10, 32, 32,115,116, 97,114,
116, 80,111,115, 32, 61, 32,115,116, 97,114,116, 80,111,115, 32, 43, 32, 49, 13,
 10, 32, 32, 45, 45, 32, 73,110,102,105,110,105,116,101, 32,108,111,111,112, 32,
102,111,114, 32, 97,114,114, 97,121, 32,101,108,101,109,101,110,116,115, 13, 10,
 32, 32,114,101,112,101, 97,116, 13, 10, 32, 32, 32, 32,115,116, 97,114,116, 80,
111,115, 32, 61, 32,100,101, 99,111,100,101, 95,115, 99, 97,110, 87,104,105,116,
101,115,112, 97, 99,101, 40,115, 44,115,116, 97,114,116, 80,111,115, 41, 13, 10,
 32, 32, 32, 32, 98, 97,115,101, 46, 97,115,115,101,114,116, 40,115,116, 97,114,
116, 80,111,115, 60, 61,115,116,114,105,110,103, 76,101,110, 44, 39, 74, 83, 79,
 78, 32, 83,116,114,105,110,103, 32,101,110,100,101,100, 32,117,110,101,120,112,
101, 99,116,101,100,108,121, 32,115, 99, 97,110,110,105,110,103, 32, 97,114,114,
 97,121, 46, 39, 41, 13, 10, 32, 32, 32, 32,108,111, 99, 97,108, 32, 99,117,114,
 67,104, 97,114, 32, 61, 32,115,116,114,105,110,103, 46,115,117, 98, 40,115, 44,
115,116, 97,114,116, 80,111,115, 44,115,116, 97,114,116, 80,111,115, 41, 13, 10,
 32, 32, 32, 32,105,102, 32, 40, 99,117,114, 67,104, 97,114, 61, 61, 39, 93, 39,
 41, 32,116,104,101,110, 13, 10, 32, 32, 32, 32, 32, 32,114,101,116,117,114,110,
 32, 97,114,114, 97,121, 44, 32,115,116, 97,114,116, 80,111,115, 43, 49, 13, 10,
 32, 32, 32, 32,101,110,100, 13, 10, 32, 32, 32, 32,105,102, 32, 40, 99,117,114,
 67,104, 97,114, 61, 61, 39, 44, 39, 41, 32,116,104,101,110, 13, 10, 32, 32, 32,
 32, 32, 32,115,116, 97,114,116, 80,111,115, 32, 61, 32,100,101, 99,111,100,101,
 95,115, 99, 97,110, 87,104,105,116,101,115,112, 97, 99,101, 40,115, 44,115,116,
 97,114,116, 80,111,115, 43, 49, 41, 13, 10, 32, 32, 32, 32,101,110,100, 13, 10,
 32, 32, 32, 32, 98, 97,115,101, 46, 97,115,115,101,114,116, 40,115,116, 97,114,
116, 80,111,115, 60, 61,115,116,114,105,110,103, 76,101,110, 44, 32, 39, 74, 83,
 79, 78, 32, 83,116,114,105,110,103, 32,101,110,100,101,100, 32,117,110,101,120,
112,101, 99,116,101,100,108,121, 32,115, 99, 97,110,110,105,110,103, 32, 97,114,
114, 97,121, 46, 39, 41, 13, 10, 32, 32, 32, 32,111, 98,106,101, 99,116, 44, 32,
115,116, 97,114,116, 80,111,115, 32, 61, 32,100,101, 99,111,100,101, 40,115, 44,
115,116, 97,114,116, 80,111,115, 41, 13, 10, 32, 32, 32, 32,116, 97, 98,108,101,
 46,105,110,115,101,114,116, 40, 97,114,114, 97,121, 44,111, 98,106,101, 99,116,
 41, 13, 10, 32, 32,117,110,116,105,108, 32,102, 97,108,115,101, 13, 10,101,110,
100, 13, 10, 13, 10, 45, 45, 45, 32, 83, 99, 97,110,115, 32, 97, 32, 99,111,109,
109,101,110,116, 32, 97,110,100, 32,100,105,115, 99, 97,114,100,115, 32,116,104,
101, 32, 99,111,109,109,101,110,116, 46, 13, 10, 45, 45, 32, 82,101,116,117,114,
110,115, 32,116,104,101, 32,112,111,115,105,116,105,111,110, 32,111,102, 32,116,
104,101, 32,110,101,120,116, 32, 99,104, 97,114, 97, 99,116,101,114, 32,102,111,
108,108,111,119,105,110,103, 32,116,104,101, 32, 99,111,109,109,101,110,116, 46,
 13, 10, 45, 45, 32, 64,112, 97,114, 97,109, 32,115,116,114,105,110,103, 32,115,
 32, 84,104,101, 32, 74, 83, 79, 78, 32,115,116,114,105,110,103, 32,116,111, 32,
115, 99, 97,110, 46, 13, 10, 45, 45, 32, 64,112, 97,114, 97,109, 32,105,110,116,
 32,115,116, 97,114,116, 80,111,115, 32, 84,104,101, 32,115,116, 97,114,116,105,
110,103, 32,112,111,115,105,116,105,111,110, 32,111,102, 32,116,104,101, 32, 99,
111,109,109,101,110,116, 13, 10,102,117,110, 99,116,105,111,110, 32,100,101, 99,
111,100,101, 95,115, 99, 97,110, 67,111,109,109,101,110,116, 40,115, 44, 32,115,
116, 97,114,116, 80,111,115, 41, 13, 10, 32, 32, 98, 97,115,101, 46, 97,115,115,
101,114,116, 40, 32,115,116,114,105,110,103, 46,115,117, 98, 40,115, 44,115,116,
 97,114,116, 80,111,115, 44,115,116, 97,114,116, 80,111,115, 43, 49, 41, 61, 61,
 39, 47, 42, 39, 44, 32, 34,100,101, 99,111,100,101, 95,115, 99, 97,110, 67,111,
109,109,101,110,116, 32, 99, 97,108,108,101,100, 32, 98,117,116, 32, 99,111,109,
109,101,110,116, 32,100,111,101,115, 32,110,111,116, 32,115,116, 97,114,116, 32,
 97,116, 32,112,111,115,105,116,105,111,110, 32, 34, 32, 46, 46, 32,115,116, 97,
114,116, 80,111,115, 41, 13, 10, 32, 32,108,111, 99, 97,108, 32,101,110,100, 80,
111,115, 32, 61, 32,115,116,114,105,110,103, 46,102,105,110,100, 40,115, 44, 39,
 42, 47, 39, 44,115,116, 97,114,116, 80,111,115, 43, 50, 41, 13, 10, 32, 32, 98,
 97,115,101, 46, 97,115,115,101,114,116, 40,101,110,100, 80,111,115,126, 61,110,
105,108, 44, 32, 34, 85,110,116,101,114,109,105,110, 97,116,101,100, 32, 99,111,
109,109,101,110,116, 32,105,110, 32,115,116,114,105,110,103, 32, 97,116, 32, 34,
 32, 46, 46, 32,115,116, 97,114,116, 80,111,115, 41, 13, 10, 32, 32,114,101,116,
117,114,110, 32,101,110,100, 80,111,115, 43, 50, 32, 32, 13, 10,101,110,100, 13,
 10, 13, 10, 45, 45, 45, 32, 83, 99, 97,110,115, 32,102,111,114, 32,103,105,118,
101,110, 32, 99,111,110,115,116, 97,110,116,115, 58, 32,116,114,117,101, 44, 32,
102, 97,108,115,101, 32,111,114, 32,110,117,108,108, 13, 10, 45, 45, 32, 82,101,
116,117,114,110,115, 32,116,104,101, 32, 97,112,112,114,111,112,114,105, 97,116,
101, 32, 76,117, 97, 32,116,121,112,101, 44, 32, 97,110,100, 32,116,104,101, 32,
112,111,115,105,116,105,111,110, 32,111,102, 32,116,104,101, 32,110,101,120,116,
 32, 99,104, 97,114, 97, 99,116,101,114, 32,116,111, 32,114,101, 97,100, 46, 13,
 10, 45, 45, 32, 64,112, 97,114, 97,109, 32,115, 32, 84,104,101, 32,115,116,114,
105,110,103, 32, 98,101,105,110,103, 32,115, 99, 97,110,110,101,100, 46, 13, 10,
 45, 45, 32, 64,112, 97,114, 97,109, 32,115,116, 97,114,116, 80,111,115, 32, 84,
104,101, 32,112,111,115,105,116,105,111,110, 32,105,110, 32,116,104,101, 32,115,
116,114,105,110,103, 32, 97,116, 32,119,104,105, 99,104, 32,116,111, 32,115,116,
 97,114,116, 32,115, 99, 97,110,110,105,110,103, 46, 13, 10, 45, 45, 32, 64,114,
101,116,117,114,110, 32,111, 98,106,101, 99,116, 44, 32,105,110,116, 32, 84,104,
101, 32,111, 98,106,101, 99,116, 32, 40,116,114,117,101, 44, 32,102, 97,108,115,
101, 32,111,114, 32,110,105,108, 41, 32, 97,110,100, 32,116,104,101, 32,112,111,
115,105,116,105,111,110, 32, 97,116, 32,119,104,105, 99,104, 32,116,104,101, 32,
110,101,120,116, 32, 99,104, 97,114, 97, 99,116,101,114, 32,115,104,111,117,108,
100, 32, 98,101, 32, 13, 10, 45, 45, 32,115, 99, 97,110,110,101,100, 46, 13, 10,
102,117,110, 99,116,105,111,110, 32,100,101, 99,111,100,101, 95,115, 99, 97,110,
 67,111,110,115,116, 97,110,116, 40,115, 44, 32,115,116, 97,114,116, 80,111,115,
 41, 13, 10, 32, 32,108,111, 99, 97,108, 32, 99,111,110,115,116,115, 32, 61, 32,
123, 32, 91, 34,116,114,117,101, 34, 93, 32, 61, 32,116,114,117,101, 44, 32, 91,
 34,102, 97,108,115,101, 34, 93, 32, 61, 32,102, 97,108,115,101, 44, 32, 91, 34,
110,117,108,108, 34, 93, 32, 61, 32,110,105,108, 32,125, 13, 10, 32, 32,108,111,
 99, 97,108, 32, 99,111,110,115,116, 78, 97,109,101,115, 32, 61, 32,123, 34,116,
114,117,101, 34, 44, 34,102, 97,108,115,101, 34, 44, 34,110,117,108,108, 34,125,
 13, 10, 13, 10, 32, 32,102,111,114, 32,105, 44,107, 32,105,110, 32, 98, 97,115,
101, 46,112, 97,105,114,115, 40, 99,111,110,115,116, 78, 97,109,101,115, 41, 32,
100,111, 13, 10, 32, 32, 32, 32, 45, 45,112,114,105,110,116, 32, 40, 34, 91, 34,
 32, 46, 46, 32,115,116,114,105,110,103, 46,115,117, 98, 40,115, 44,115,116, 97,
114,116, 80,111,115, 44, 32,115,116, 97,114,116, 80,111,115, 32, 43, 32,115,116,
114,105,110,103, 46,108,101,110, 40,107, 41, 32, 45, 49, 41, 32, 46, 46, 34, 93,
 34, 44, 32,107, 41, 13, 10, 32, 32, 32, 32,105,102, 32,115,116,114,105,110,103,
 46,115,117, 98, 40,115, 44,115,116, 97,114,116, 80,111,115, 44, 32,115,116, 97,
114,116, 80,111,115, 32, 43, 32,115,116,114,105,110,103, 46,108,101,110, 40,107,
 41, 32, 45, 49, 32, 41, 61, 61,107, 32,116,104,101,110, 13, 10, 32, 32, 32, 32,
 32, 32,114,101,116,117,114,110, 32, 99,111,110,115,116,115, 91,107, 93, 44, 32,
115,116, 97,114,116, 80,111,115, 32, 43, 32,115,116,114,105,110,103, 46,108,101,
110, 40,107, 41, 13, 10, 32, 32, 32, 32,101,110,100, 13, 10, 32, 32,101,110,100,
 13, 10, 32, 32, 98, 97,115,101, 46, 97,115,115,101,114,116, 40,110,105,108, 44,
 32, 39, 70, 97,105,108,101,100, 32,116,111, 32,115, 99, 97,110, 32, 99,111,110,
115,116, 97,110,116, 32,102,114,111,109, 32,115,116,114,105,110,103, 32, 39, 32,
 46, 46, 32,115, 32, 46, 46, 32, 39, 32, 97,116, 32,115,116, 97,114,116,105,110,
103, 32,112,111,115,105,116,105,111,110, 32, 39, 32, 46, 46, 32,115,116, 97,114,
116, 80,111,115, 41, 13, 10,101,110,100, 13, 10, 13, 10, 45, 45, 45, 32, 83, 99,
 97,110,115, 32, 97, 32,110,117,109, 98,101,114, 32,102,114,111,109, 32,116,104,
101, 32, 74, 83, 79, 78, 32,101,110, 99,111,100,101,100, 32,115,116,114,105,110,
103, 46, 13, 10, 45, 45, 32, 40,105,110, 32,102, 97, 99,116, 44, 32, 97,108,115,
111, 32,105,115, 32, 97, 98,108,101, 32,116,111, 32,115, 99, 97,110, 32,110,117,
109,101,114,105, 99, 32, 43, 45, 32,101,113,110,115, 44, 32,119,104,105, 99,104,
 32,105,115, 32,110,111,116, 13, 10, 45, 45, 32,105,110, 32,116,104,101, 32, 74,
 83, 79, 78, 32,115,112,101, 99, 46, 41, 13, 10, 45, 45, 32, 82,101,116,117,114,
110,115, 32,116,104,101, 32,110,117,109, 98,101,114, 44, 32, 97,110,100, 32,116,
104,101, 32,112,111,115,105,116,105,111,110, 32,111,102, 32,116,104,101, 32,110,
101,120,116, 32, 99,104, 97,114, 97, 99,116,101,114, 13, 10, 45, 45, 32, 97,102,
116,101,114, 32,116,104,101, 32,110,117,109, 98,101,114, 46, 13, 10, 45, 45, 32,
 64,112, 97,114, 97,109, 32,115, 32, 84,104,101, 32,115,116,114,105,110,103, 32,
 98,101,105,110,103, 32,115, 99, 97,110,110,101,100, 46, 13, 10, 45, 45, 32, 64,
112, 97,114, 97,109, 32,115,116, 97,114,116, 80,111,115, 32, 84,104,101, 32,112,
111,115,105,116,105,111,110, 32, 97,116, 32,119,104,105, 99,104, 32,116,111, 32,
115,116, 97,114,116, 32,115, 99, 97,110,110,105,110,103, 46, 13, 10, 45, 45, 32,
 64,114,101,116,117,114,110, 32,110,117,109, 98,101,114, 44, 32,105,110,116, 32,
 84,104,101, 32,101,120,116,114, 97, 99,116,101,100, 32,110,117,109, 98,101,114,
 32, 97,110,100, 32,116,104,101, 32,112,111,115,105,116,105,111,110, 32,111,102,
 32,116,104,101, 32,110,101,120,116, 32, 99,104, 97,114, 97, 99,116,101,114, 32,
116,111, 32,115, 99, 97,110, 46, 13, 10,102,117,110, 99,116,105,111,110, 32,100,
101, 99,111,100,101, 95,115, 99, 97,110, 78,117,109, 98,101,114, 40,115, 44,115,
116, 97,114,116, 80,111,115, 41, 13, 10, 32, 32,108,111, 99, 97,108, 32,101,110,
100, 80,111,115, 32, 61, 32,115,116, 97,114,116, 80,111,115, 43, 49, 13, 10, 32,
 32,108,111, 99, 97,108, 32,115,116,114,105,110,103, 76,101,110, 32, 61, 32,115,
116,114,105,110,103, 46,108,101,110, 40,115, 41, 13, 10, 32, 32,108,111, 99, 97,
108, 32, 97, 99, 99,101,112,116, 97, 98,108,101, 67,104, 97,114,115, 32, 61, 32,
 34, 43, 45, 48, 49, 50, 51, 52, 53, 54, 55, 56, 57, 46,101, 34, 13, 10, 32, 32,
119,104,105,108,101, 32, 40,115,116,114,105,110,103, 46,102,105,110,100, 40, 97,
 99, 99,101,112,116, 97, 98,108,101, 67,104, 97,114,115, 44, 32,115,116,114,105,
110,103, 46,115,117, 98, 40,115, 44,101,110,100, 80,111,115, 44,101,110,100, 80,
111,115, 41, 44, 32, 49, 44, 32,116,114,117,101, 41, 13, 10,  9, 97,110,100, 32,
101,110,100, 80,111,115, 60, 61,115,116,114,105,110,103, 76,101,110, 13, 10,  9,
 41, 32,100,111, 13, 10, 32, 32, 32, 32,101,110,100, 80,111,115, 32, 61, 32,101,
110,100, 80,111,115, 32, 43, 32, 49, 13, 10, 32, 32,101,110,100, 13, 10, 32, 32,
108,111, 99, 97,108, 32,115,116,114,105,110,103, 86, 97,108,117,101, 32, 61, 32,
 39,114,101,116,117,114,110, 32, 39, 32, 46, 46, 32,115,116,114,105,110,103, 46,
115,117, 98, 40,115, 44,115,116, 97,114,116, 80,111,115, 44, 32,101,110,100, 80,
111,115, 45, 49, 41, 13, 10, 32, 32,108,111, 99, 97,108, 32,115,116,114,105,110,
103, 69,118, 97,108, 32, 61, 32, 98, 97,115,101, 46,108,111, 97,100,115,116,114,
105,110,103, 40,115,116,114,105,110,103, 86, 97,108,117,101, 41, 13, 10, 32, 32,
 98, 97,115,101, 46, 97,115,115,101,114,116, 40,115,116,114,105,110,103, 69,118,
 97,108, 44, 32, 39, 70, 97,105,108,101,100, 32,116,111, 32,115, 99, 97,110, 32,
110,117,109, 98,101,114, 32, 91, 32, 39, 32, 46, 46, 32,115,116,114,105,110,103,
 86, 97,108,117,101, 32, 46, 46, 32, 39, 93, 32,105,110, 32, 74, 83, 79, 78, 32,
115,116,114,105,110,103, 32, 97,116, 32,112,111,115,105,116,105,111,110, 32, 39,
 32, 46, 46, 32,115,116, 97,114,116, 80,111,115, 32, 46, 46, 32, 39, 32, 58, 32,
 39, 32, 46, 46, 32,101,110,100, 80,111,115, 41, 13, 10, 32, 32,114,101,116,117,
114,110, 32,115,116,114,105,110,103, 69,118, 97,108, 40, 41, 44, 32,101,110,100,
 80,111,115, 13, 10,101,110,100, 13, 10, 13, 10, 45, 45, 45, 32, 83, 99, 97,110,
115, 32, 97, 32, 74, 83, 79, 78, 32,111, 98,106,101, 99,116, 32,105,110,116,111,
 32, 97, 32, 76,117, 97, 32,111, 98,106,101, 99,116, 46, 13, 10, 45, 45, 32,115,
116, 97,114,116, 80,111,115, 32, 98,101,103,105,110,115, 32, 97,116, 32,116,104,
101, 32,115,116, 97,114,116, 32,111,102, 32,116,104,101, 32,111, 98,106,101, 99,
116, 46, 13, 10, 45, 45, 32, 82,101,116,117,114,110,115, 32,116,104,101, 32,111,
 98,106,101, 99,116, 32, 97,110,100, 32,116,104,101, 32,110,101,120,116, 32,115,
116, 97,114,116,105,110,103, 32,112,111,115,105,116,105,111,110, 46, 13, 10, 45,
 45, 32, 64,112, 97,114, 97,109, 32,115, 32, 84,104,101, 32,115,116,114,105,110,
103, 32, 98,101,105,110,103, 32,115, 99, 97,110,110,101,100, 46, 13, 10, 45, 45,
 32, 64,112, 97,114, 97,109, 32,115,116, 97,114,116, 80,111,115, 32, 84,104,101,
 32,115,116, 97,114,116,105,110,103, 32,112,111,115,105,116,105,111,110, 32,111,
102, 32,116,104,101, 32,115, 99, 97,110, 46, 13, 10, 45, 45, 32, 64,114,101,116,
117,114,110, 32,116, 97, 98,108,101, 44, 32,105,110,116, 32, 84,104,101, 32,115,
 99, 97,110,110,101,100, 32,111, 98,106,101, 99,116, 32, 97,115, 32, 97, 32,116,
 97, 98,108,101, 32, 97,110,100, 32,116,104,101, 32,112,111,115,105,116,105,111,
110, 32,111,102, 32,116,104,101, 32,110,101,120,116, 32, 99,104, 97,114, 97, 99,
116,101,114, 32,116,111, 32,115, 99, 97,110, 46, 13, 10,102,117,110, 99,116,105,
111,110, 32,100,101, 99,111,100,101, 95,115, 99, 97,110, 79, 98,106,101, 99,116,
 40,115, 44,115,116, 97,114,116, 80,111,115, 41, 13, 10, 32, 32,108,111, 99, 97,
108, 32,111, 98,106,101, 99,116, 32, 61, 32,123,125, 13, 10, 32, 32,108,111, 99,
 97,108, 32,115,116,114,105,110,103, 76,101,110, 32, 61, 32,115,116,114,105,110,
103, 46,108,101,110, 40,115, 41, 13, 10, 32, 32,108,111, 99, 97,108, 32,107,101,
121, 44, 32,118, 97,108,117,101, 13, 10, 32, 32, 98, 97,115,101, 46, 97,115,115,
101,114,116, 40,115,116,114,105,110,103, 46,115,117, 98, 40,115, 44,115,116, 97,
114,116, 80,111,115, 44,115,116, 97,114,116, 80,111,115, 41, 61, 61, 39,123, 39,
 44, 39,100,101, 99,111,100,101, 95,115, 99, 97,110, 79, 98,106,101, 99,116, 32,
 99, 97,108,108,101,100, 32, 98,117,116, 32,111, 98,106,101, 99,116, 32,100,111,
101,115, 32,110,111,116, 32,115,116, 97,114,116, 32, 97,116, 32,112,111,115,105,
116,105,111,110, 32, 39, 32, 46, 46, 32,115,116, 97,114,116, 80,111,115, 32, 46,
 46, 32, 39, 32,105,110, 32,115,116,114,105,110,103, 58, 92,110, 39, 32, 46, 46,
 32,115, 41, 13, 10, 32, 32,115,116, 97,114,116, 80,111,115, 32, 61, 32,115,116,
 97,114,116, 80,111,115, 32, 43, 32, 49, 13, 10, 32, 32,114,101,112,101, 97,116,
 13, 10, 32, 32, 32, 32,115,116, 97,114,116, 80,111,115, 32, 61, 32,100,101, 99,
111,100,101, 95,115, 99, 97,110, 87,104,105,116,101,115,112, 97, 99,101, 40,115,
 44,115,116, 97,114,116, 80,111,115, 41, 13, 10, 32, 32, 32, 32, 98, 97,115,101,
 46, 97,115,115,101,114,116, 40,115,116, 97,114,116, 80,111,115, 60, 61,115,116,
114,105,110,103, 76,101,110, 44, 32, 39, 74, 83, 79, 78, 32,115,116,114,105,110,
103, 32,101,110,100,101,100, 32,117,110,101,120,112,101, 99,116,101,100,108,121,
 32,119,104,105,108,101, 32,115, 99, 97,110,110,105,110,103, 32,111, 98,106,101,
 99,116, 46, 39, 41, 13, 10, 32, 32, 32, 32,108,111, 99, 97,108, 32, 99,117,114,
 67,104, 97,114, 32, 61, 32,115,116,114,105,110,103, 46,115,117, 98, 40,115, 44,
115,116, 97,114,116, 80,111,115, 44,115,116, 97,114,116, 80,111,115, 41, 13, 10,
 32, 32, 32, 32,105,102, 32, 40, 99,117,114, 67,104, 97,114, 61, 61, 39,125, 39,
 41, 32,116,104,101,110, 13, 10, 32, 32, 32, 32, 32, 32,114,101,116,117,114,110,
 32,111, 98,106,101, 99,116, 44,115,116, 97,114,116, 80,111,115, 43, 49, 13, 10,
 32, 32, 32, 32,101,110,100, 13, 10, 32, 32, 32, 32,105,102, 32, 40, 99,117,114,
 67,104, 97,114, 61, 61, 39, 44, 39, 41, 32,116,104,101,110, 13, 10, 32, 32, 32,
 32, 32, 32,115,116, 97,114,116, 80,111,115, 32, 61, 32,100,101, 99,111,100,101,
 95,115, 99, 97,110, 87,104,105,116,101,115,112, 97, 99,101, 40,115, 44,115,116,
 97,114,116, 80,111,115, 43, 49, 41, 13, 10, 32, 32, 32, 32,101,110,100, 13, 10,
 32, 32, 32, 32, 98, 97,115,101, 46, 97,115,115,101,114,116, 40,115,116, 97,114,
116, 80,111,115, 60, 61,115,116,114,105,110,103, 76,101,110, 44, 32, 39, 74, 83,
 79, 78, 32,115,116,114,105,110,103, 32,101,110,100,101,100, 32,117,110,101,120,
112,101, 99,116,101,100,108,121, 32,115, 99, 97,110,110,105,110,103, 32,111, 98,
106,101, 99,116, 46, 39, 41, 13, 10, 32, 32, 32, 32, 45, 45, 32, 83, 99, 97,110,
 32,116,104,101, 32,107,101,121, 13, 10, 32, 32, 32, 32,107,101,121, 44, 32,115,
116, 97,114,116, 80,111,115, 32, 61, 32,100,101, 99,111,100,101, 40,115, 44,115,
116, 97,114,116, 80,111,115, 41, 13, 10, 32, 32, 32, 32, 98, 97,115,101, 46, 97,
115,115,101,114,116, 40,115,116, 97,114,116, 80,111,115, 60, 61,115,116,114,105,
110,103, 76,101,110, 44, 32, 39, 74, 83, 79, 78, 32,115,116,114,105,110,103, 32,
101,110,100,101,100, 32,117,110,101,120,112,101, 99,116,101,100,108,121, 32,115,
101, 97,114, 99,104,105,110,103, 32,102,111,114, 32,118, 97,108,117,101, 32,111,
102, 32,107,101,121, 32, 39, 32, 46, 46, 32,107,101,121, 41, 13, 10, 32, 32, 32,
 32,115,116, 97,114,116, 80,111,115, 32, 61, 32,100,101, 99,111,100,101, 95,115,
 99, 97,110, 87,104,105,116,101,115,112, 97, 99,101, 40,115, 44,115,116, 97,114,
116, 80,111,115, 41, 13, 10, 32, 32, 32, 32, 98, 97,115,101, 46, 97,115,115,101,
114,116, 40,115,116, 97,114,116, 80,111,115, 60, 61,115,116,114,105,110,103, 76,
101,110, 44, 32, 39, 74, 83, 79, 78, 32,115,116,114,105,110,103, 32,101,110,100,
101,100, 32,117,110,101,120,112,101, 99,116,101,100,108,121, 32,115,101, 97,114,
 99,104,105,110,103, 32,102,111,114, 32,118, 97,108,117,101, 32,111,102, 32,107,
101,121, 32, 39, 32, 46, 46, 32,107,101,121, 41, 13, 10, 32, 32, 32, 32, 98, 97,
115,101, 46, 97,115,115,101,114,116, 40,115,116,114,105,110,103, 46,115,117, 98,
 40,115, 44,115,116, 97,114,116, 80,111,115, 44,115,116, 97,114,116, 80,111,115,
 41, 61, 61, 39, 58, 39, 44, 39, 74, 83, 79, 78, 32,111, 98,106,101, 99,116, 32,
107,101,121, 45,118, 97,108,117,101, 32, 97,115,115,105,103,110,109,101,110,116,
 32,109, 97,108, 45,102,111,114,109,101,100, 32, 97,116, 32, 39, 32, 46, 46, 32,
115,116, 97,114,116, 80,111,115, 41, 13, 10, 32, 32, 32, 32,115,116, 97,114,116,
 80,111,115, 32, 61, 32,100,101, 99,111,100,101, 95,115, 99, 97,110, 87,104,105,
116,101,115,112, 97, 99,101, 40,115, 44,115,116, 97,114,116, 80,111,115, 43, 49,
 41, 13, 10, 32, 32, 32, 32, 98, 97,115,101, 46, 97,115,115,101,114,116, 40,115,
116, 97,114,116, 80,111,115, 60, 61,115,116,114,105,110,103, 76,101,110, 44, 32,
 39, 74, 83, 79, 78, 32,115,116,114,105,110,103, 32,101,110,100,101,100, 32,117,
110,101,120,112,101, 99,116,101,100,108,121, 32,115,101, 97,114, 99,104,105,110,
103, 32,102,111,114, 32,118, 97,108,117,101, 32,111,102, 32,107,101,121, 32, 39,
 32, 46, 46, 32,107,101,121, 41, 13, 10, 32, 32, 32, 32,118, 97,108,117,101, 44,
 32,115,116, 97,114,116, 80,111,115, 32, 61, 32,100,101, 99,111,100,101, 40,115,
 44,115,116, 97,114,116, 80,111,115, 41, 13, 10, 32, 32, 32, 32,111, 98,106,101,
 99,116, 91,107,101,121, 93, 61,118, 97,108,117,101, 13, 10, 32, 32,117,110,116,
105,108, 32,102, 97,108,115,101,  9, 45, 45, 32,105,110,102,105,110,105,116,101,
 32,108,111,111,112, 32,119,104,105,108,101, 32,107,101,121, 45,118, 97,108,117,
101, 32,112, 97,105,114,115, 32, 97,114,101, 32,102,111,117,110,100, 13, 10,101,
110,100, 13, 10, 13, 10, 45, 45, 45, 32, 83, 99, 97,110,115, 32, 97, 32, 74, 83,
 79, 78, 32,115,116,114,105,110,103, 32,102,114,111,109, 32,116,104,101, 32,111,
112,101,110,105,110,103, 32,105,110,118,101,114,116,101,100, 32, 99,111,109,109,
 97, 32,111,114, 32,115,105,110,103,108,101, 32,113,117,111,116,101, 32,116,111,
 32,116,104,101, 13, 10, 45, 45, 32,101,110,100, 32,111,102, 32,116,104,101, 32,
115,116,114,105,110,103, 46, 13, 10, 45, 45, 32, 82,101,116,117,114,110,115, 32,
116,104,101, 32,115,116,114,105,110,103, 32,101,120,116,114, 97, 99,116,101,100,
 32, 97,115, 32, 97, 32, 76,117, 97, 32,115,116,114,105,110,103, 44, 13, 10, 45,
 45, 32, 97,110,100, 32,116,104,101, 32,112,111,115,105,116,105,111,110, 32,111,
102, 32,116,104,101, 32,110,101,120,116, 32,110,111,110, 45,115,116,114,105,110,
103, 32, 99,104, 97,114, 97, 99,116,101,114, 13, 10, 45, 45, 32, 40, 97,102,116,
101,114, 32,116,104,101, 32, 99,108,111,115,105,110,103, 32,105,110,118,101,114,
116,101,100, 32, 99,111,109,109, 97, 32,111,114, 32,115,105,110,103,108,101, 32,
113,117,111,116,101, 41, 46, 13, 10, 45, 45, 32, 64,112, 97,114, 97,109, 32,115,
 32, 84,104,101, 32,115,116,114,105,110,103, 32, 98,101,105,110,103, 32,115, 99,
 97,110,110,101,100, 46, 13, 10, 45, 45, 32, 64,112, 97,114, 97,109, 32,115,116,
 97,114,116, 80,111,115, 32, 84,104,101, 32,115,116, 97,114,116,105,110,103, 32,
112,111,115,105,116,105,111,110, 32,111,102, 32,116,104,101, 32,115, 99, 97,110,
 46, 13, 10, 45, 45, 32, 64,114,101,116,117,114,110, 32,115,116,114,105,110,103,
 44, 32,105,110,116, 32, 84,104,101, 32,101,120,116,114, 97, 99,116,101,100, 32,
115,116,114,105,110,103, 32, 97,115, 32, 97, 32, 76,117, 97, 32,115,116,114,105,
110,103, 44, 32, 97,110,100, 32,116,104,101, 32,110,101,120,116, 32, 99,104, 97,
114, 97, 99,116,101,114, 32,116,111, 32,112, 97,114,115,101, 46, 13, 10,102,117,
110, 99,116,105,111,110, 32,100,101, 99,111,100,101, 95,115, 99, 97,110, 83,116,
114,105,110,103, 40,115, 44,115,116, 97,114,116, 80,111,115, 41, 13, 10, 32, 32,
 98, 97,115,101, 46, 97,115,115,101,114,116, 40,115,116, 97,114,116, 80,111,115,
 44, 32, 39,100,101, 99,111,100,101, 95,115, 99, 97,110, 83,116,114,105,110,103,
 40, 46, 46, 41, 32, 99, 97,108,108,101,100, 32,119,105,116,104,111,117,116, 32,
115,116, 97,114,116, 32,112,111,115,105,116,105,111,110, 39, 41, 13, 10, 32, 32,
108,111, 99, 97,108, 32,115,116, 97,114,116, 67,104, 97,114, 32, 61, 32,115,116,
114,105,110,103, 46,115,117, 98, 40,115, 44,115,116, 97,114,116, 80,111,115, 44,
115,116, 97,114,116, 80,111,115, 41, 13, 10, 32, 32, 98, 97,115,101, 46, 97,115,
115,101,114,116, 40,115,116, 97,114,116, 67,104, 97,114, 61, 61, 91, 91, 39, 93,
 93, 32,111,114, 32,115,116, 97,114,116, 67,104, 97,114, 61, 61, 91, 91, 34, 93,
 93, 44, 39,100,101, 99,111,100,101, 95,115, 99, 97,110, 83,116,114,105,110,103,
 32, 99, 97,108,108,101,100, 32,102,111,114, 32, 97, 32,110,111,110, 45,115,116,
114,105,110,103, 39, 41, 13, 10, 32, 32,108,111, 99, 97,108, 32,101,115, 99, 97,
112,101,100, 32, 61, 32,102, 97,108,115,101, 13, 10, 32, 32,108,111, 99, 97,108,
 32,101,110,100, 80,111,115, 32, 61, 32,115,116, 97,114,116, 80,111,115, 32, 43,
 32, 49, 13, 10, 32, 32,108,111, 99, 97,108, 32, 98, 69,110,100,101,100, 32, 61,
 32,102, 97,108,115,101, 13, 10, 32, 32,108,111, 99, 97,108, 32,115,116,114,105,
110,103, 76,101,110, 32, 61, 32,115,116,114,105,110,103, 46,108,101,110, 40,115,
 41, 13, 10, 32, 32,114,101,112,101, 97,116, 13, 10, 32, 32, 32, 32,108,111, 99,
 97,108, 32, 99,117,114, 67,104, 97,114, 32, 61, 32,115,116,114,105,110,103, 46,
115,117, 98, 40,115, 44,101,110,100, 80,111,115, 44,101,110,100, 80,111,115, 41,
 13, 10, 32, 32, 32, 32,105,102, 32,110,111,116, 32,101,115, 99, 97,112,101,100,
 32,116,104,101,110,  9, 13, 10, 32, 32, 32, 32, 32, 32,105,102, 32, 99,117,114,
 67,104, 97,114, 61, 61, 91, 91, 92, 93, 93, 32,116,104,101,110, 13, 10, 32, 32,
 32, 32, 32, 32, 32, 32,101,115, 99, 97,112,101,100, 32, 61, 32,116,114,117,101,
 13, 10, 32, 32, 32, 32, 32, 32,101,108,115,101, 13, 10, 32, 32, 32, 32, 32, 32,
 32, 32, 98, 69,110,100,101,100, 32, 61, 32, 99,117,114, 67,104, 97,114, 61, 61,
115,116, 97,114,116, 67,104, 97,114, 13, 10, 32, 32, 32, 32, 32, 32,101,110,100,
 13, 10, 32, 32, 32, 32,101,108,115,101, 13, 10, 32, 32, 32, 32, 32, 32, 45, 45,
 32, 73,102, 32,119,101, 39,114,101, 32,101,115, 99, 97,112,101,100, 44, 32,119,
101, 32, 97, 99, 99,101,112,116, 32,116,104,101, 32, 99,117,114,114,101,110,116,
 32, 99,104, 97,114, 97, 99,116,101,114, 32, 99,111,109,101, 32,119,104, 97,116,
 32,109, 97,121, 13, 10, 32, 32, 32, 32, 32, 32,101,115, 99, 97,112,101,100, 32,
 61, 32,102, 97,108,115,101, 13, 10, 32, 32, 32, 32,101,110,100, 13, 10, 32, 32,
 32, 32,101,110,100, 80,111,115, 32, 61, 32,101,110,100, 80,111,115, 32, 43, 32,
 49, 13, 10, 32, 32, 32, 32, 98, 97,115,101, 46, 97,115,115,101,114,116, 40,101,
110,100, 80,111,115, 32, 60, 61, 32,115,116,114,105,110,103, 76,101,110, 43, 49,
 44, 32, 34, 83,116,114,105,110,103, 32,100,101, 99,111,100,105,110,103, 32,102,
 97,105,108,101,100, 58, 32,117,110,116,101,114,109,105,110, 97,116,101,100, 32,
115,116,114,105,110,103, 32, 97,116, 32,112,111,115,105,116,105,111,110, 32, 34,
 32, 46, 46, 32,101,110,100, 80,111,115, 41, 13, 10, 32, 32,117,110,116,105,108,
 32, 98, 69,110,100,101,100, 13, 10, 32, 32,108,111, 99, 97,108, 32,115,116,114,
105,110,103, 86, 97,108,117,101, 32, 61, 32, 39,114,101,116,117,114,110, 32, 39,
 32, 46, 46, 32,115,116,114,105,110,103, 46,115,117, 98, 40,115, 44, 32,115,116,
 97,114,116, 80,111,115, 44, 32,101,110,100, 80,111,115, 45, 49, 41, 13, 10, 32,
 32,108,111, 99, 97,108, 32,115,116,114,105,110,103, 69,118, 97,108, 32, 61, 32,
 98, 97,115,101, 46,108,111, 97,100,115,116,114,105,110,103, 40,115,116,114,105,
110,103, 86, 97,108,117,101, 41, 13, 10, 32, 32, 98, 97,115,101, 46, 97,115,115,
101,114,116, 40,115,116,114,105,110,103, 69,118, 97,108, 44, 32, 39, 70, 97,105,
108,101,100, 32,116,111, 32,108,111, 97,100, 32,115,116,114,105,110,103, 32, 91,
 32, 39, 32, 46, 46, 32,115,116,114,105,110,103, 86, 97,108,117,101, 32, 46, 46,
 32, 39, 93, 32,105,110, 32, 74, 83, 79, 78, 52, 76,117, 97, 46,100,101, 99,111,
100,101, 95,115, 99, 97,110, 83,116,114,105,110,103, 32, 97,116, 32,112,111,115,
105,116,105,111,110, 32, 39, 32, 46, 46, 32,115,116, 97,114,116, 80,111,115, 32,
 46, 46, 32, 39, 32, 58, 32, 39, 32, 46, 46, 32,101,110,100, 80,111,115, 41, 13,
 10, 32, 32,114,101,116,117,114,110, 32,115,116,114,105,110,103, 69,118, 97,108,
 40, 41, 44, 32,101,110,100, 80,111,115, 32, 32, 13, 10,101,110,100, 13, 10, 13,
 10, 45, 45, 45, 32, 83, 99, 97,110,115, 32, 97, 32, 74, 83, 79, 78, 32,115,116,
114,105,110,103, 32,115,107,105,112,112,105,110,103, 32, 97,108,108, 32,119,104,
105,116,101,115,112, 97, 99,101, 32,102,114,111,109, 32,116,104,101, 32, 99,117,
114,114,101,110,116, 32,115,116, 97,114,116, 32,112,111,115,105,116,105,111,110,
 46, 13, 10, 45, 45, 32, 82,101,116,117,114,110,115, 32,116,104,101, 32,112,111,
115,105,116,105,111,110, 32,111,102, 32,116,104,101, 32,102,105,114,115,116, 32,
110,111,110, 45,119,104,105,116,101,115,112, 97, 99,101, 32, 99,104, 97,114, 97,
 99,116,101,114, 44, 32,111,114, 32,110,105,108, 32,105,102, 32,116,104,101, 32,
119,104,111,108,101, 32,101,110,100, 32,111,102, 32,115,116,114,105,110,103, 32,
105,115, 32,114,101, 97, 99,104,101,100, 46, 13, 10, 45, 45, 32, 64,112, 97,114,
 97,109, 32,115, 32, 84,104,101, 32,115,116,114,105,110,103, 32, 98,101,105,110,
103, 32,115, 99, 97,110,110,101,100, 13, 10, 45, 45, 32, 64,112, 97,114, 97,109,
 32,115,116, 97,114,116, 80,111,115, 32, 84,104,101, 32,115,116, 97,114,116,105,
110,103, 32,112,111,115,105,116,105,111,110, 32,119,104,101,114,101, 32,119,101,
 32,115,104,111,117,108,100, 32, 98,101,103,105,110, 32,114,101,109,111,118,105,
110,103, 32,119,104,105,116,101,115,112, 97, 99,101, 46, 13, 10, 45, 45, 32, 64,
114,101,116,117,114,110, 32,105,110,116, 32, 84,104,101, 32,102,105,114,115,116,
 32,112,111,115,105,116,105,111,110, 32,119,104,101,114,101, 32,110,111,110, 45,
119,104,105,116,101,115,112, 97, 99,101, 32,119, 97,115, 32,101,110, 99,111,117,
110,116,101,114,101,100, 44, 32,111,114, 32,115,116,114,105,110,103, 46,108,101,
110, 40,115, 41, 43, 49, 32,105,102, 32,116,104,101, 32,101,110,100, 32,111,102,
 32,115,116,114,105,110,103, 13, 10, 45, 45, 32,119, 97,115, 32,114,101, 97, 99,
104,101,100, 46, 13, 10,102,117,110, 99,116,105,111,110, 32,100,101, 99,111,100,
101, 95,115, 99, 97,110, 87,104,105,116,101,115,112, 97, 99,101, 40,115, 44,115,
116, 97,114,116, 80,111,115, 41, 13, 10, 32, 32,108,111, 99, 97,108, 32,119,104,
105,116,101,115,112, 97, 99,101, 61, 34, 32, 92,110, 92,114, 92,116, 34, 13, 10,
 32, 32,108,111, 99, 97,108, 32,115,116,114,105,110,103, 76,101,110, 32, 61, 32,
115,116,114,105,110,103, 46,108,101,110, 40,115, 41, 13, 10, 32, 32,119,104,105,
108,101, 32, 40, 32,115,116,114,105,110,103, 46,102,105,110,100, 40,119,104,105,
116,101,115,112, 97, 99,101, 44, 32,115,116,114,105,110,103, 46,115,117, 98, 40,
115, 44,115,116, 97,114,116, 80,111,115, 44,115,116, 97,114,116, 80,111,115, 41,
 44, 32, 49, 44, 32,116,114,117,101, 41, 32, 32, 97,110,100, 32,115,116, 97,114,
116, 80,111,115, 32, 60, 61, 32,115,116,114,105,110,103, 76,101,110, 41, 32,100,
111, 13, 10, 32, 32, 32, 32,115,116, 97,114,116, 80,111,115, 32, 61, 32,115,116,
 97,114,116, 80,111,115, 32, 43, 32, 49, 13, 10, 32, 32,101,110,100, 13, 10, 32,
 32,114,101,116,117,114,110, 32,115,116, 97,114,116, 80,111,115, 13, 10,101,110,
100, 13, 10, 13, 10, 45, 45, 45, 32, 69,110, 99,111,100,101,115, 32, 97, 32,115,
116,114,105,110,103, 32,116,111, 32, 98,101, 32, 74, 83, 79, 78, 45, 99,111,109,
112, 97,116,105, 98,108,101, 46, 13, 10, 45, 45, 32, 84,104,105,115, 32,106,117,
115,116, 32,105,110,118,111,108,118,101,115, 32, 98, 97, 99,107, 45,113,117,111,
116,105,110,103, 32,105,110,118,101,114,116,101,100, 32, 99,111,109,109, 97,115,
 44, 32, 98, 97, 99,107, 45,113,117,111,116,101,115, 32, 97,110,100, 32,110,101,
119,108,105,110,101,115, 44, 32, 73, 32,116,104,105,110,107, 32, 59, 45, 41, 13,
 10, 45, 45, 32, 64,112, 97,114, 97,109, 32,115, 32, 84,104,101, 32,115,116,114,
105,110,103, 32,116,111, 32,114,101,116,117,114,110, 32, 97,115, 32, 97, 32, 74,
 83, 79, 78, 32,101,110, 99,111,100,101,100, 32, 40,105, 46,101, 46, 32, 98, 97,
 99,107,113,117,111,116,101,100, 32,115,116,114,105,110,103, 41, 13, 10, 45, 45,
 32, 64,114,101,116,117,114,110, 32, 84,104,101, 32,115,116,114,105,110,103, 32,
 97,112,112,114,111,112,114,105, 97,116,101,108,121, 32,101,115, 99, 97,112,101,
100, 46, 13, 10,102,117,110, 99,116,105,111,110, 32,101,110, 99,111,100,101, 83,
116,114,105,110,103, 40,115, 41, 13, 10, 32, 32,115, 32, 61, 32,115,116,114,105,
110,103, 46,103,115,117, 98, 40,115, 44, 39, 92, 92, 39, 44, 39, 92, 92, 92, 92,
 39, 41, 13, 10, 32, 32,115, 32, 61, 32,115,116,114,105,110,103, 46,103,115,117,
 98, 40,115, 44, 39, 34, 39, 44, 39, 92, 92, 34, 39, 41, 13, 10, 32, 32,115, 32,
 61, 32,115,116,114,105,110,103, 46,103,115,117, 98, 40,115, 44, 34, 39, 34, 44,
 34, 92, 92, 39, 34, 41, 13, 10, 32, 32,115, 32, 61, 32,115,116,114,105,110,103,
 46,103,115,117, 98, 40,115, 44, 39, 92,110, 39, 44, 39, 92, 92,110, 39, 41, 13,
 10, 32, 32,115, 32, 61, 32,115,116,114,105,110,103, 46,103,115,117, 98, 40,115,
 44, 39, 92,116, 39, 44, 39, 92, 92,116, 39, 41, 13, 10, 32, 32,114,101,116,117,
114,110, 32,115, 32, 13, 10,101,110,100, 13, 10, 13, 10, 45, 45, 32, 68,101,116,
101,114,109,105,110,101,115, 32,119,104,101,116,104,101,114, 32,116,104,101, 32,
103,105,118,101,110, 32, 76,117, 97, 32,116,121,112,101, 32,105,115, 32, 97,110,
 32, 97,114,114, 97,121, 32,111,114, 32, 97, 32,116, 97, 98,108,101, 32, 47, 32,
100,105, 99,116,105,111,110, 97,114,121, 46, 13, 10, 45, 45, 32, 87,101, 32, 99,
111,110,115,105,100,101,114, 32, 97,110,121, 32,116, 97, 98,108,101, 32, 97,110,
 32, 97,114,114, 97,121, 32,105,102, 32,105,116, 32,104, 97,115, 32,105,110,100,
101,120,101,115, 32, 49, 46, 46,110, 32,102,111,114, 32,105,116,115, 32,110, 32,
105,116,101,109,115, 44, 32, 97,110,100, 32,110,111, 13, 10, 45, 45, 32,111,116,
104,101,114, 32,100, 97,116, 97, 32,105,110, 32,116,104,101, 32,116, 97, 98,108,
101, 46, 13, 10, 45, 45, 32, 73, 32,116,104,105,110,107, 32,116,104,105,115, 32,
109,101,116,104,111,100, 32,105,115, 32, 99,117,114,114,101,110,116,108,121, 32,
 97, 32,108,105,116,116,108,101, 32, 39,102,108, 97,107,121, 39, 44, 32, 98,117,
116, 32, 99, 97,110, 39,116, 32,116,104,105,110,107, 32,111,102, 32, 97, 32,103,
111,111,100, 32,119, 97,121, 32, 97,114,111,117,110,100, 32,105,116, 32,121,101,
116, 46, 46, 46, 13, 10, 45, 45, 32, 64,112, 97,114, 97,109, 32,116, 32, 84,104,
101, 32,116, 97, 98,108,101, 32,116,111, 32,101,118, 97,108,117, 97,116,101, 32,
 97,115, 32, 97,110, 32, 97,114,114, 97,121, 13, 10, 45, 45, 32, 64,114,101,116,
117,114,110, 32, 98,111,111,108,101, 97,110, 44, 32,110,117,109, 98,101,114, 32,
 84,114,117,101, 32,105,102, 32,116,104,101, 32,116, 97, 98,108,101, 32, 99, 97,
110, 32, 98,101, 32,114,101,112,114,101,115,101,110,116,101,100, 32, 97,115, 32,
 97,110, 32, 97,114,114, 97,121, 44, 32,102, 97,108,115,101, 32,111,116,104,101,
114,119,105,115,101, 46, 32, 73,102, 32,116,114,117,101, 44, 13, 10, 45, 45, 32,
116,104,101, 32,115,101, 99,111,110,100, 32,114,101,116,117,114,110,101,100, 32,
118, 97,108,117,101, 32,105,115, 32,116,104,101, 32,109, 97,120,105,109,117,109,
 13, 10, 45, 45, 32,110,117,109, 98,101,114, 32,111,102, 32,105,110,100,101,120,
101,100, 32,101,108,101,109,101,110,116,115, 32,105,110, 32,116,104,101, 32, 97,
114,114, 97,121, 46, 32, 13, 10,102,117,110, 99,116,105,111,110, 32,105,115, 65,
114,114, 97,121, 40,116, 41, 13, 10, 32, 32, 45, 45, 32, 78,101,120,116, 32,119,
101, 32, 99,111,117,110,116, 32, 97,108,108, 32,116,104,101, 32,101,108,101,109,
101,110,116,115, 44, 32,101,110,115,117,114,105,110,103, 32,116,104, 97,116, 32,
 97,110,121, 32,110,111,110, 45,105,110,100,101,120,101,100, 32,101,108,101,109,
101,110,116,115, 32, 97,114,101, 32,110,111,116, 45,101,110, 99,111,100, 97, 98,
108,101, 32, 13, 10, 32, 32, 45, 45, 32, 40,119,105,116,104, 32,116,104,101, 32,
112,111,115,115,105, 98,108,101, 32,101,120, 99,101,112,116,105,111,110, 32,111,
102, 32, 39,110, 39, 41, 13, 10, 32, 32,108,111, 99, 97,108, 32,109, 97,120, 73,
110,100,101,120, 32, 61, 32, 48, 13, 10, 32, 32,102,111,114, 32,107, 44,118, 32,
105,110, 32, 98, 97,115,101, 46,112, 97,105,114,115, 40,116, 41, 32,100,111, 13,
 10, 32, 32, 32, 32,105,102, 32, 40, 98, 97,115,101, 46,116,121,112,101, 40,107,
 41, 61, 61, 39,110,117,109, 98,101,114, 39, 32, 97,110,100, 32,109, 97,116,104,
 46,102,108,111,111,114, 40,107, 41, 61, 61,107, 32, 97,110,100, 32, 49, 60, 61,
107, 41, 32,116,104,101,110,  9, 45, 45, 32,107, 44,118, 32,105,115, 32, 97,110,
 32,105,110,100,101,120,101,100, 32,112, 97,105,114, 13, 10, 32, 32, 32, 32, 32,
 32,105,102, 32, 40,110,111,116, 32,105,115, 69,110, 99,111,100, 97, 98,108,101,
 40,118, 41, 41, 32,116,104,101,110, 32,114,101,116,117,114,110, 32,102, 97,108,
115,101, 32,101,110,100,  9, 45, 45, 32, 65,108,108, 32, 97,114,114, 97,121, 32,
101,108,101,109,101,110,116,115, 32,109,117,115,116, 32, 98,101, 32,101,110, 99,
111,100, 97, 98,108,101, 13, 10, 32, 32, 32, 32, 32, 32,109, 97,120, 73,110,100,
101,120, 32, 61, 32,109, 97,116,104, 46,109, 97,120, 40,109, 97,120, 73,110,100,
101,120, 44,107, 41, 13, 10, 32, 32, 32, 32,101,108,115,101, 13, 10, 32, 32, 32,
 32, 32, 32,105,102, 32, 40,107, 61, 61, 39,110, 39, 41, 32,116,104,101,110, 13,
 10, 32, 32, 32, 32, 32, 32, 32, 32,105,102, 32,118, 32,126, 61, 32,116, 97, 98,
108,101, 46,103,101,116,110, 40,116, 41, 32,116,104,101,110, 32,114,101,116,117,
114,110, 32,102, 97,108,115,101, 32,101,110,100, 32, 32, 45, 45, 32, 70, 97,108,
115,101, 32,105,102, 32,110, 32,100,111,101,115, 32,110,111,116, 32,104,111,108,
100, 32,116,104,101, 32,110,117,109, 98,101,114, 32,111,102, 32,101,108,101,109,
101,110,116,115, 13, 10, 32, 32, 32, 32, 32, 32,101,108,115,101, 32, 45, 45, 32,
 69,108,115,101, 32,111,102, 32, 40,107, 61, 61, 39,110, 39, 41, 13, 10, 32, 32,
 32, 32, 32, 32, 32, 32,105,102, 32,105,115, 69,110, 99,111,100, 97, 98,108,101,
 40,118, 41, 32,116,104,101,110, 32,114,101,116,117,114,110, 32,102, 97,108,115,
101, 32,101,110,100, 13, 10, 32, 32, 32, 32, 32, 32,101,110,100, 32, 32, 45, 45,
 32, 69,110,100, 32,111,102, 32, 40,107,126, 61, 39,110, 39, 41, 13, 10, 32, 32,
 32, 32,101,110,100, 32, 45, 45, 32, 69,110,100, 32,111,102, 32,107, 44,118, 32,
110,111,116, 32, 97,110, 32,105,110,100,101,120,101,100, 32,112, 97,105,114, 13,
 10, 32, 32,101,110,100, 32, 32, 45, 45, 32, 69,110,100, 32,111,102, 32,108,111,
111,112, 32, 97, 99,114,111,115,115, 32, 97,108,108, 32,112, 97,105,114,115, 13,
 10, 32, 32,114,101,116,117,114,110, 32,116,114,117,101, 44, 32,109, 97,120, 73,
110,100,101,120, 13, 10,101,110,100, 13, 10, 13, 10, 45, 45, 45, 32, 68,101,116,
101,114,109,105,110,101,115, 32,119,104,101,116,104,101,114, 32,116,104,101, 32,
103,105,118,101,110, 32, 76,117, 97, 32,111, 98,106,101, 99,116, 32, 47, 32,116,
 97, 98,108,101, 32, 47, 32,118, 97,114,105, 97, 98,108,101, 32, 99, 97,110, 32,
 98,101, 32, 74, 83, 79, 78, 32,101,110, 99,111,100,101,100, 46, 32, 84,104,101,
 32,111,110,108,121, 13, 10, 45, 45, 32,116,121,112,101,115, 32,116,104, 97,116,
 32, 97,114,101, 32, 74, 83, 79, 78, 32,101,110, 99,111,100, 97, 98,108,101, 32,
 97,114,101, 58, 32,115,116,114,105,110,103, 44, 32, 98,111,111,108,101, 97,110,
 44, 32,110,117,109, 98,101,114, 44, 32,110,105,108, 44, 32,116, 97, 98,108,101,
 32, 97,110,100, 32,106,115,111,110, 46,110,117,108,108, 46, 13, 10, 45, 45, 32,
 73,110, 32,116,104,105,115, 32,105,109,112,108,101,109,101,110,116, 97,116,105,
111,110, 44, 32, 97,108,108, 32,111,116,104,101,114, 32,116,121,112,101,115, 32,
 97,114,101, 32,105,103,110,111,114,101,100, 46, 13, 10, 45, 45, 32, 64,112, 97,
114, 97,109, 32,111, 32, 84,104,101, 32,111, 98,106,101, 99,116, 32,116,111, 32,
101,120, 97,109,105,110,101, 46, 13, 10, 45, 45, 32, 64,114,101,116,117,114,110,
 32, 98,111,111,108,101, 97,110, 32, 84,114,117,101, 32,105,102, 32,116,104,101,
 32,111, 98,106,101, 99,116, 32,115,104,111,117,108,100, 32, 98,101, 32, 74, 83,
 79, 78, 32,101,110, 99,111,100,101,100, 44, 32,102, 97,108,115,101, 32,105,102,
 32,105,116, 32,115,104,111,117,108,100, 32, 98,101, 32,105,103,110,111,114,101,
100, 46, 13, 10,102,117,110, 99,116,105,111,110, 32,105,115, 69,110, 99,111,100,
 97, 98,108,101, 40,111, 41, 13, 10, 32, 32,108,111, 99, 97,108, 32,116, 32, 61,
 32, 98, 97,115,101, 46,116,121,112,101, 40,111, 41, 13, 10, 32, 32,114,101,116,
117,114,110, 32, 40,116, 61, 61, 39,115,116,114,105,110,103, 39, 32,111,114, 32,
116, 61, 61, 39, 98,111,111,108,101, 97,110, 39, 32,111,114, 32,116, 61, 61, 39,
110,117,109, 98,101,114, 39, 32,111,114, 32,116, 61, 61, 39,110,105,108, 39, 32,
111,114, 32,116, 61, 61, 39,116, 97, 98,108,101, 39, 41, 32,111,114, 32, 40,116,
 61, 61, 39,102,117,110, 99,116,105,111,110, 39, 32, 97,110,100, 32,111, 61, 61,
110,117,108,108, 41, 32, 13, 10,101,110,100, 13, 10, 10,102,117,110, 99,116,105,
111,110, 32,100,101,115, 99,114,105,112,116,105,111,110, 40, 41, 10, 32, 32, 32,
114,101,116,117,114,110, 32, 34, 74, 83, 79, 78, 32,101,110, 99,111,100,105,110,
103, 47,100,101, 99,111,100,105,110,103, 32,112, 97, 99,107, 97,103,101, 34, 10,
101,110,100, 10, 10,102,117,110, 99,116,105,111,110, 32,104,101,108,112, 40, 41,
 10, 32, 32, 98, 97,115,101, 46,112,114,105,110,116, 40, 34,106,115,111,110, 46,
101,110, 99,111,100,101, 40,120, 41, 32, 45, 45, 32,116, 97,107,101,115, 32,108,
117, 97, 32,111, 98,106,101, 99,116, 32, 97,110,100, 32,114,101,116,117,114,110,
115, 32,106,115,111,110, 32,115,116,114,105,110,103, 34, 41, 10, 32, 32, 98, 97,
115,101, 46,112,114,105,110,116, 40, 34,106,115,111,110, 46,100,101, 99,111,100,
101, 40,120, 41, 32, 45, 45, 32,116, 97,107,101,115, 32,106,115,111,110, 32,115,
116,114,105,110,103, 32, 97,110,100, 32,114,101,116,117,114,110,115, 32,108,117,
 97, 32,111, 98,106,101, 99,116, 34, 41, 10,101,110,100, 13, 10,
};

 lua_dobuffer(L,(const char*)B2,sizeof(B2),"luaScripts/json.lua");
}
